v -14.3 13.0229 3
v -13.2 12.1229 2.9
v -13.5 12.5229 2.5
v -11.2 -12.7771 -1.7
v -9.3 -12.7771 -1.7
v -12.8 -9.8771 -1.4
v -7.4 -13.9771 -1.8
v 1.089 -3.589 -14.73817
v 0.7255198 -3.624675 -14.54896
v 1.089 -3.589 -1.034942
v 0.5894584 -3.638028 -14.55039
v 0.06250701 -3.689747 -14.60006
v -0.3541159 -3.730638 -0.952923
v -0.1543265 -3.711029 -14.6653
v 1.102354 -3.581857 -1.03517
v 1.279811 -3.486938 -14.79153
v -0.368 -3.732 -0.9521339
v -0.368 -3.732 -14.7296
v 1.47572 -3.38215 -29.97831
v 1.300304 -3.475977 -16.38013
v 2.379 -2.899 -30.05554
v 1.34992 -3.449438 -14.81113
v 1.383223 -3.431625 -14.81678
v 1.414316 -3.414994 -16.29053
v 1.753877 -3.233368 -15.3051
v 1.740823 -3.24035 -15.98979
v 1.445821 -3.398142 -15.14179
v 1.4 -3.422651 -14.84555
v 2.379 -2.899 -1.006389
v 1.784023 -3.217244 -1.0468
v -1.034202 -3.52976 -15.52367
v -1.064104 -3.520683 -15.86795
v -1.050792 -3.524724 -15.19947
v -1.409474 -3.415838 -0.8818948
v -1.233921 -3.469131 -0.8879055
v -1.755498 -3.310795 -0.8929909
v -0.8055313 -3.599178 -14.96936
v -1.347075 -3.434781 -30.06611
v -0.8686179 -3.580027 -16.22845
v -0.7665198 -3.611021 -16.36652
v -0.4136779 -3.718134 -16.57265
v -0.368 -3.732 -16.58527
v -0.368 -3.732 -29.99011
v -0.5917745 -3.664068 -14.76234
v -0.9260613 -3.562589 -0.9
v -0.3960001 -3.7235 -14.7336
v 2.388329 -2.88763 -1.005277
v 2.658246 -2.558669 -30.09118
v 1.089 -3.589 -29.94525
v 1.089 -3.589 -16.47166
v 1.233469 -3.511726 -16.43265
v 0.06861066 -3.689148 -29.96642
v -0.1261823 -3.708266 -16.59696
v -0.365817 -3.731786 -16.58633
v -1.768 -3.307 -30.09878
v -1.768 -3.307 -0.8933918
v 3.307 -1.768 -6.269689
v 3.28161 -1.798944 -5.815275
v 3.02307 -2.114039 -30.13774
v 3.307 -1.768 -30.14351
v 3.045491 -2.086714 -1.589249
v 2.830045 -2.349288 -0.9526195
v 3.021557 -2.115884 -1.160739
v 3.010741 -2.129065 -0.9672201
v 0.3165988 -3.664809 -16.6166
v 1.0136 -3.5964 -16.5068
v 0.677902 -3.629348 -16.5628
v 0.5421193 -3.642675 -29.94072
v 0.819641 -3.615437 -29.92946
v -2.888828 -2.387346 -0.8993946
v -2.876934 -2.397105 -0.9
v -2.557621 -2.659106 -30.18381
v -2.121019 -3.017343 -0.9
v 3.336833 -1.669726 -7.019541
v 3.435143 -1.345881 -30.15139
v -2.899 -2.379 -0.8988768
v -2.899 -2.379 -30.22057
v 3.732 -0.368 -30.16965
v 3.732 -0.368 -16.9521
v 3.690609 -0.504348 -15.91169
v 3.625689 -0.7182016 -14.27992
v -3.087063 -2.027405 -30.25229
v -3.379618 -1.480454 -30.34527
v -3.583239 -1.09977 -0.8349093
v 3.706975 -0.1130282 -17.49978
v 3.688845 0.07170143 -30.17855
v -3.589 -1.089 -30.38962
v -3.589 -1.089 -0.8343708
v -3.504527 -1.246927 -30.38496
v 3.589 1.089 -30.19914
v 3.589 1.089 -20.08117
v 3.681827 0.1432033 -18.05003
v 3.69677 -0.009048861 -17.72313
v -3.65881 -0.37772 -30.38723
v -3.688509 -0.07512154 -30.41328
v -3.730806 0.3558314 -0.8351827
v -3.676425 -0.1982402 -0.814905
v -3.618489 -0.7885388 -0.8216547
v 3.487115 1.279481 -20.24195
v 3.491848 1.270632 -20.20806
v 3.544875 1.171495 -19.76679
v 3.563235 1.13717 -19.89751
v 3.514678 1.227949 -21.84055
v 3.514678 1.227949 -22.08811
v 3.46432 1.322098 -30.21495
v 3.567998 1.128265 -30.2
v 3.380708 1.478416 -30.18726
v 3.42846 1.38914 -23.26667
v 3.56393 1.135871 -19.90241
v -3.732 0.368 -30.42752
v -3.732 0.368 -0.835628
v -3.704892 0.09180249 -30.42766
v 2.899 2.379 -26.24652
v 2.899 2.379 -30.01502
v 3.031609 2.131078 -30.07166
v 2.926269 2.328018 -30.03542
v 3.159379 1.892204 -25.27068
v 3.379831 1.480055 -23.80299
v 3.399766 1.442786 -23.6589
v -3.669647 0.5734002 -30.42348
v -3.435885 1.343438 -30.32583
v -3.383572 1.515763 -18.01691
v -3.394924 1.478368 -17.21601
v -3.411762 1.4229 -16.91529
v -3.42684 1.373234 -16.67583
v -3.438249 1.33565 -15.05499
v -3.441284 1.325652 -14.80826
v -3.438249 1.33565 -14.7235
v -3.405365 1.443973 -12.76143
v -3.357313 1.602262 -11.83843
v -3.310854 1.755304 -0.9068529
v -3.345222 1.642092 -0.9
v 2.84855 2.420394 -26.32048
v 2.687702 2.552372 -26.57716
v 2.597183 2.626645 -26.68586
v 2.560688 2.65659 -29.91267
v -3.307 1.768 -21.09674
v -3.342326 1.65163 -20.44305
v -3.359337 1.595597 -19.99293
v -3.380666 1.525336 -18.22193
v -3.307 1.768 -30.272
v -3.312475 1.749963 -10.97716
v -3.307 1.768 -10.85842
v -3.307 1.768 -0.9076214
v 1.768 3.307 -27.68158
v 1.768 3.307 -29.54612
v 1.981144 3.132112 -29.73637
v 2.263864 2.900137 -29.82286
v -2.773906 2.417708 -30.16843
v -2.658417 2.558461 -30.10954
v -2.611566 2.615561 -25.06096
v -2.981177 2.165097 -30.22256
v -2.646731 2.572703 -24.9503
v -2.722901 2.47987 -24.49447
v -3.035033 2.09946 -23.2
v -3.086008 2.037334 -22.57179
v -2.910563 2.251157 -8.008098
v -3.2974 1.7797 -10.7702
v -3.269596 1.813586 -10.65343
v -2.687595 2.5229 -6.311303
v -2.676223 2.536759 -6.263043
v -2.620456 2.604725 -5.931787
v -2.423509 2.844755 -4.796195
v -2.390877 2.884524 -1.279906
v -2.524265 2.721958 -1.142992
v -2.968005 2.18115 -0.9873745
v -3.136975 1.975218 -0.9246137
v 1.378882 3.425125 -27.79416
v 1.355987 3.432076 -29.42952
v 1.481891 3.393855 -29.46822
v -2.492026 2.76125 -30.0247
v -2.379 2.899 -29.96119
v -2.379 2.899 -25.85796
v -2.501214 2.750052 -25.40821
v -2.379 2.899 -4.539559
v -2.379 2.899 -1.292098
v 0.4954847 3.693299 -29.16501
v 0.8493997 3.585861 -27.94736
v 0.5065519 3.68994 -28.15123
v 0.368 3.732 -28.2585
v 0.368 3.732 -28.89847
v -1.513128 3.362141 -29.72172
v -1.472124 3.384073 -29.6995
v -1.441353 3.400532 -27.31421
v -1.657597 3.284867 -29.8
v -1.834968 3.189994 -26.80059
v -1.225996 3.515723 -2.316587
v -1.64205 3.293182 -3.600743
v -1.127252 3.56854 -2.965276
v -1.12168 3.57152 -2.533353
v -1.492089 3.373394 -1.852472
v -1.24512 3.505494 -2.066962
v -1.857396 3.177997 -1.551699
v -1.759872 3.230161 -1.579762
v -1.970963 3.117252 -1.517741
v -2.35286 2.912982 -4.470245
v -0.05805746 3.690184 -29.24211
v 0.2022437 3.715732 -29.17106
v -0.04166804 3.691792 -28.11723
v -1.2 3.529628 -29.55205
v -1.089 3.589 -29.47059
v -1.089 3.589 -27.774
v -1.089 3.589 -2.601262
v -1.089 3.589 -2.918058
v -0.4789044 3.648879 -27.96646
v -0.2513965 3.671208 -29.29487
v -0.7272608 3.624504 -2.8
v -20.8 16.6229 -16.4
v -21 17.8229 -13.4
v -18.7 17.9229 -14.9
v -4.6 13.023 -17.6
v -7.1 10.6229 -14.3
v -7.2 10.723 -15.9
v -1.1 -9.9532 -29.4452
v -9.5252 -23.9422 -1.6
v -13.3872 -30.3546 -26.2
v -9 0.823 -20.8
v -13.2 -0.477 -20.6
v -8.2 0.823 -18.6
v -19.5 -16.0771 -1.7
v -18.2 -13.6771 -1.5
v -19.6 -11.4771 -1.5
v -23.8 -15.477 -26.9
v -22.7 -13.377 -23.9
v -24.6 -13.877 -28.4
v -19.4 5.3229 -4.3
v -20.4 8.9229 -3
v -21.1 6.5229 -4.9
v -17.4 17.2229 -7.2
v -15.2 14.9229 -6.3
v -16.6 16.2229 -7.7
v -22.6 -12.9771 -7.1
v -21.7 -15.8771 -8.1
v -22 -17.677 -6.4
v -12.5727 -29.0021 -11.7205
v -12.6745 -29.1712 -9.9
v -15.05467 0.5150895 -0.5351471
v -15.04919 0.45924 -0.5028936
v -15 0.5229 -0.5
v -9.7 2.7229 -10.9
v -5.7 2.5229 -6.7
v -6.6 2.1229 -11.2
v -22 16.7229 -14.7
v -22.2 15.4229 -17.4
v -23.4 15.923 -15.7
v -16.6 16.323 -3.7
v -14 11.5 -29.6
v -15.3 10 -24.6
v -15.7 11.4 -29.6
v -9.7 20.623 -22.4
v -7.5 23.2229 -26.7
v -11.6 20.823 -24.2
v -7.9 1.5229 -13.5
v -28 4.9229 -15.8
v -26.6 3.7229 -14.9
v -29.3 5.6229 -14.1
v -20.5 -17.777 -32.2
v -23.5 -15.377 -31.8
v -21.1 -16.2771 -32
v -10.9 8.6229 -5.2
v -11.1 10.0229 -2.8
v -11.7 9.7229 -1
v -11.8 6.1229 -9.1
v -10.4 8.6229 -7.6
v -11.8 6.4229 -5.7
v -21.8 9.9229 -3.9
v -20.2 9.9229 -1.9
v -21.4 11.0229 -2.9
v -18.9 8.9229 -0.9
v -18.9 8.0229 -2
v -21 15.9 -29
v -21.2 17 -28.4
v -21.4 17.8 -32.1
v -12.6 23.123 -31
v -14.2 23.1115 -32.8
v -15.8 22.5 -31.2
v -25.3 15.6229 -16.5
v -24.7 12.2229 -19.5
v -23.1 10.023 -19.7
v -25.3 11.1229 -19.5
v -26.1 7.0229 -7.8
v -28.4 5.9229 -11.2
v -26.7 5.7229 -10.3
v -21 -13.0771 -12
v -21.4 -10.1771 -14.5
v -21 -11.8771 -14
v 3.1905 -2.8293 -0.9786
v 4.6959 -0.3298 -30.2402
v 4.0204 2.2498 -30.0183
v 4.2843 1.2692 -30.2
v 3.7863 1.8122 -25.2964
v 3.7995 3.023 -29.7
v -10.1 24.023 -35.5
v -12.5 22.0115 -37.7
v -13.2 22.8115 -36.8
v -9.7 14.623 -28.8
v -8.4 14.4229 -25.3
v -11 11.423 -24.2
v -7.3466 -20.3249 -30.2685
v -12.9131 -29.5674 -32.1
v -24.2 -17.377 -30.9
v -24.7 -15.677 -30.1
v -24.6 -15.577 -30.9
v -19.4 21.1229 0.6
v -18.3 18.7229 -0.2
v -20 22.823 -1.1
v -15.8 8.9229 1.8
v -14.2 7.4229 -0.4
v -14.5 9.2229 2.1
v -26.2 6.7229 -18.4
v -29.8 12.923 -19.3
v -24 8.823 -19.4
v -19.3 -3.977 -24.5
v -21.1 -5.277 -26.8
v -20.7 -5.377 -24.3
v -16.4 7.323 -20.7
v -15.8 6.023 -19.1
v -17 6.123 -19.9
v -13.8 10.1 -24.5
v -12.4 12.3229 -29.4
v -12.2632 10.6667 -24.3001
v -10.8 19.323 -19.4
v -8.8 18.4229 -17.7
v -7.5 19.7229 -18.5
v -1.7 14.623 -13.3
v -3.1 13.9229 -16
v -1.7 14.9229 -17.4
v -12.4 22.623 -29.3
v -17.2 19 -22.7
v -18.6 18.8 -24.4
v -18.4 17.9 -21.4
v -9.8 3.0229 -9.1
v -10.8 3.7229 -7.4
v -9.8 3.3229 -7.3
v -11.1 2.8229 -0.7
v -9.4 3.6229 -1.4
v -12.4 3.4229 -2
v -9 22.423 -36.4
v -8.1 23.923 -35.2
v -7.6 23.023 -35.5
v -2.258 24.2196 -20.9479
v -0.9377 21.869 -30.7703
v -2.2792 27.0702 -30.6
v -31.7 14.1229 -10.7
v -28.6 14.823 -12.5
v -31.8 14.7229 -12.3
v -23.9 9.9229 -5.9
v -25.7 8.8229 -6.6
v -24.2 8.3229 -6.3
v -3.9 2.1229 -0.9
v -17.8 -9.3771 -1
v -16.7 -28.2771 -4.2
v -17.8 -26.2771 -5.4
v -15.8 -27.8771 -6.6
v -20.9 -11.3771 -1.9
v -21.7 -16.5771 -2.5
v -20.7 -16.3771 -2
v -25.7 24.3229 -4.6
v -25.5 24.9229 -5.1
v -25.3 23.823 -6.4
v -18.5 18.0229 -12.3
v -20 18.7229 -11.2
v -19.1 18.6229 -10.7
v -2.5 -12.2777 -29.4
v -4 -10.7771 -29.4
v -6.5 -12.777 -29.5
v -6.9 -11.3771 -29.4
v -19 -20.6771 -19.4
v -19.8 -23.277 -24.4
v -18.7 -22.6771 -21.1
v -15.2 -29.2771 -26.1
v -17.3 -28.577 -28.7
v -15.7 -29.877 -28.8
v -21.3 8.7229 -20
v -22 11.323 -19.8
v -19.1 8.623 -21
v -19.5 12.5115 -21.9
v -19.6 14.5 -22.7
v -19.4 13.1 -23.3
v -22 19.8 -35.4
v -21.8 18.4 -35.4
v -18.5 17.3 -42.6
v -19.6 18.9 -42.7
v -18.2 18.4 -42.8
v -22.1 -5.8771 -14.3
v -21.2 -10.8771 -16
v -21.9 -4.677 -18.8
v -22.5 -4.477 -16.5
v -22.2 -3.2771 -17.9
v -18.7 16.7229 3.9
v -20.1 18.323 3.4
v -19.3 16.4229 4.2
v -23.6 18.5229 -1.8
v -22.2 14.1229 -1.6
v -22.2 15.8229 0.8
v -3.2 2.623 -24.9
v -6.3 1.623 -22
v -3.6 2.123 -23.2
v -21.9 -6.1771 -10.8
v -21.5 -2.4771 -8.2
v -21.9 -4.4771 -11.3
v -13.3 12.6229 -0.6
v -12.7 12.5229 -3.2
v -14.5 13.8229 -3
v -10.9 13.5229 -8.7
v -9.4 14.5229 -10.5
v -11.1 14.4229 -11.1
v -19.34713 -3.647263 -22.04295
v -19.068 -3.732 -22.84848
v -18.89427 -3.714949 -23.18276
v -20.6 -5.177 -23
v -19.4 -3.677 -22
v -15.23393 1.318816 -17.81519
v -15.54722 1.904537 -17.67095
v -14.6 2.0229 -17
v -13.9 0.9229 -17.2
v -15.20188 1.258912 -17.82994
v -21.9 -22.477 -30.8
v -18.5 -27.077 -31.3
v -20 -25.7771 -30.6
v -16.1 -24.977 -32.3
v -11.5404 -27.2882 -32.2
v -13.6 -27.477 -32.2
v -24.5 15.0229 -8.7
v -25 13.4229 -8.3
v -24.1 13.1229 -6.8
v -27 12.6229 -8.6
v -29.8 11.9229 -7.5
v -26.9 11.7229 -7.7
v -29.4 8.9229 -18.1
v -31.7 9.5229 -6.5
v -31.9 14.9229 -19
v -33.8 8.023 -14.3
v -17.3 -26.077 -22.7
v -15.8 -27.1771 -20.9
v -14.1 -27.5771 -13.6
v -14.8 -27.5771 -10
v -1.0157 16.4424 -10.7805
v -0.2904 15.4516 -17.2238
v -5.5 17.323 -14.1
v -7.6 16.0229 -14.3
v -5.9 15.6229 -12
v -17.4 -13.177 -30.7
v -15 -14.877 -30.4
v -16.2 -16.077 -30.9
v -19.7 -3.677 -30.3
v -19.57858 -3.577004 -30.29286
v -19.1195 -3.716365 -30.67979
v -19.4 -4.077 -30.8
v 0.4515 -7.377 -29.6907
v -2.6136 -12.4662 -1.8
v -3.3036 -13.612 -1.8217
v -6.5 -6.4771 -1.1
v -5.7 -9.3771 -1.5
v -3.6 -6.8771 -1.1
v -13.5 15.1 -40
v -14.9 16.5 -41.8
v -13 16.2 -40.5
v -6.9 19.1229 -34.3
v -5.7 21.323 -34.2
v -4.4 20.923 -32.6
v -0.7672 19.5578 -25.0369
v -5.3 16.423 -24.6
v -3.3 15.023 -20.4
v -6.4 13.023 -20.7
v -21.5 19.6229 2.4
v -22.9 23.0229 0.6
v -23.5 22.5229 0.4
v -24.8 25.923 -1.9
v -24.2 24.4229 -0.5
v -23.7 24.823 -0.4
v -23.8 17.323 -9.8
v -24.5 15.9229 -9.8
v -24 16.7229 -8.9
v -25 22.0229 -6.6
v -24.7 20.2229 -6.5
v -25.4 22.5229 -4.6
v -24.2 24.6229 -7.1
v -22.8 23.3229 -7.9
v -23.6 23.1229 -8
v -22.2 25.3229 -1.3
v -20.5 23.4229 -0.3
v -11.4 3.9229 -4.3
v -10.9 3.7229 -2.6
v -10.5 3.7229 -4
v -17.4 7.4229 -1.2
v -15.8 7.2229 -0.6
v -18.6 20.5 -41.8
v -16.5 19.1 -42.2
v -19.3 19.7 -42.5
v -21.5 21.1 -37.4
v -21 21.9 -35.3
v -20.7 21.9 -37.4
v -20.5 15.3 -37.5
v -20.9 16.6 -34
v -21.4 17.1 -38.9
v -17.6 13.6 -38.4
v -15.2 13.4 -37.4
v -16.1 12.8 -34
v -15.5 17.323 -15.3
v -16.9 17.4229 -13.8
v -15.2 15.8229 -13.5
v -15.7 18.9229 -20.9
v -17.5 18.1229 -19.4
v -17.5 18.1229 -17
v -20.1 10.8229 -0.7
v -21.3 12.8229 -0.5
v -18.5 14.3229 4.6
v -17.3 12.3229 4.7
v -16.8 12.8229 4.8
v -22.7 -8.5771 -25
v -22.6 -6.777 -27.8
v -23.5 -8.477 -27.7
v -24.2 -15.477 -31.5
v -23.6 -13.677 -31.7
v -7.6 25.023 -32.2
v -10.8 24.323 -33.5
v -12.6 23.523 -32.6
v -2.4516 26.7007 -26.9586
v -13.9 6.023 -16.8
v -13.5 4.9229 -15
v -15.1 4.823 -17.5
v -12.7 6.0229 -13.8
v -13 7.123 -17.5
v -12.1 7.0229 -14.2
v -15.05626 0.5312728 -18.24374
v -15.07693 0.7418342 -18.0148
v -14.6 -0.077 -18.7
v -18.3 -26.0771 -2.5
v -19.1 -23.5771 -2.1
v -19.7 -23.9771 -2.7
v -13.6634 -30.8132 -2.2663
v -12.2401 -28.4499 -1.3
v -7.6 13.1229 -9.7
v -6 13.2229 -10.6
v -6.3 13.8229 -10.5
v -19.9 20.9 -28.9
v -17.8 20.1 -25.9
v -18.7 21.5 -29.1
v -20 22.4 -35.3
v -3.4 1.8229 -10.7
v -2.3 3.3229 -1.6
v -4.9 -3.077 -30.3
v -2.9 -4.377 -30
v -6.5 -4.977 -29.9
v -19.7 -11.677 -31.4
v -19.5 -9.2771 -31.4
v -16.9 -10.6771 -30.6
v -0.9 -3.9771 -15.3
v -3.6 3.123 -29.8
v -3.5 2.323 -30.2
v -7.9 2.123 -29.9
v -14.2 0.223 -27.4
v -12.2 1.323 -28
v -14.2 0.323 -29.1
v -32.1 8.6229 -7.8
v -33.2 7.5229 -11.2
v -29.2 7.6229 -8.5
v -12.5 9.7229 0.7
v -13.5 9.7229 2.1
v -12.9 7.1229 -2
v -19.1 20.1229 -1.7
v -17.4 17.4229 -3.4
v -21.9 -8.377 -18.5
v -21.6 -14.677 -22
v -23.3 -17.077 -26.6
v -21.3 -18.177 -23.1
v -16.5 14.2 -39.8
v -15.9 13.8 -38.8
v -19.2 15.5 -40.9
v -20.2 16.9 -41.7
v -18.8 16.3 -42
v -20.04899 -3.434201 -3.34087
v -20.40871 -3.324999 -4.235066
v -20.468 -3.307 -4.38245
v -20.51758 -3.26632 -4.530625
v -21.7 -6.5771 -3.9
v -20 -3.7771 -2.9
v -21.9 -11.3771 -2.6
v -20.6 -8.8771 -1.8
v -21.6 -8.7771 -2.7
v -19.2 -25.077 -26
v -18.9 -27.377 -29.6
v -20.1 -25.7771 -29.7
v -21.9 -22.377 -28.8
v -22.8 -20.877 -29.9
v -20.7 23.1229 -6.5
v -21.9 24.6229 -6.2
v -21.3 24.9229 -4.5
v -12.8 -18.877 -30.7
v -13.8 -13.7771 -30
v -12.5 -16.477 -30.2
v -21.1 -5.177 -30.4
v -22.6 -6.577 -28.8
v -23.7 -8.2771 -29.7
v -23.7 -8.377 -28.8
v -17.3 -23.5771 -17.4
v -18.9 -19.4771 -14.2
v -18.8 -20.2771 -17.7
v -17.3 -24.2771 -10.2
v -16.1 -25.9771 -10.1
v -31.3 12.0229 -7.3
v -26.9 10.8229 -7.1
v -28.4 10.1229 -6.6
v -27 9.9229 -6.8
v -4.5 13.623 -11.3
v -3.7 14.9229 -11.1
v -4.8 14.123 -11
v -2.8 16.323 -11.1
v -1.354 17.7399 -10.688
v -3.2 17.0229 -11.5
v -11.9 5.2229 -9.1
v -20.6 14.9 -27.5
v -19.9 15 -24.1
v -3.4 26.323 -30.6
v -4.9 25.423 -28.8
v -3.5 26.223 -28.5
v -5.3 22.723 -23
v -4.4 24.523 -26
v -5.9 23.723 -26.3
v -10 9.7229 -6.7
v -9.8 8.823 -13.4
v -14.8 16.323 -15
v -10.3 14.623 -13.1
v -9.7 14.7229 -11.9
v -22.20966 -1.237342 -11.49937
v -22.289 -1.089 -11.69192
v -22.32959 -0.6754765 -11.65755
v -22.8 -1.5771 -13.5
v -21.94475 -1.7326 -10.8565
v -17.96192 3.619655 -3.661922
v -17.67433 3.53235 -3.359803
v -17.5 3.8229 -3.2
v -16.5 17.9 -42.5
v -14.7 17.6 -41.9
v -9.7 20.423 -37.4
v -7.2 21.923 -35.5
v -24.7 15.123 -17.6
v -3.3 19.423 -28.4
v -6.2 18.023 -30.9
v -3.1 20.723 -31
v -3.6 17.423 -24.3
v -0.6709 18.7984 -23.7029
v -1.8 16.7229 -21.4
v -14.9 -23.2771 -1.3
v -10.4904 -25.5447 -1.4
v -12.1 -21.0771 -1.5
v -4.4 -13.3771 -1.9
v -4.3 -10.8771 -1.7
v 3.5556 1.2662 -20.2432
v 3.7749 1.395 -23.686
v -24.8 24.2229 -6.8
v -22.1 25.7229 -4.4
v -14.8 18.8229 -18.7
v -11.1 19.8229 -20.9
v -13 19.923 -22.6
v -17.4 4.823 -19.3
v -16.2 4.7229 -18.5
v -15.9 5.3229 -2.1
v -17.6 5.2229 -2.8
v -19.789 3.589 -5.224186
v -18.39012 3.726296 -3.989077
v -18.332 3.732 -3.937761
v -19.8017 3.582209 -5.237295
v -21.7 -5.0771 -5.7
v -21.7 -4.2771 -7.8
v -22.1 -5.9771 -7.2
v -22.9 -11.7771 -4.6
v -22.8 -14.7771 -5.5
v -22.9 -14.3771 -4.4
v -20 21.8 -39.2
v -20.6 20.7 -40.8
v -21.2 21 -39.2
v -21.2 17.3 -40.4
v -20.6 15.7 -39.1
v -15.2 -5.4771 -0.5
v -11 -9.9771 -1.4
v -11.3 -5.1771 -0.7
v -12.7 2.5229 -1
v -13.9 3.5229 -2.3
v -14.5 2.1229 -1.4
v -22.5 -17.3771 -5.2
v -20.8 -21.7771 -2.9
v -21 -19.077 -2.4
v -9.5 -7.477 -29.5
v -14.2 -4.777 -30.6
v -11 -1.977 -30.6
v -13.2 -1.877 -30.7
v -9.6 0.723 -30.3
v -9.1 -1.277 -30.5
v -18.8 13.8 -36.3
v -17.9 13.5 -33.5
v -20.5 15.6 -31.1
v -18.9 12.8 -29
v -20 13.8 -28.3
v -3.5 17.5229 -12.3
v -3.2 22.3229 -18.8
v -3.8 23.623 -22.7
v -12.1 12.6229 -5.2
v -10.6 12.9229 -7.2
v -12.7 13.1229 -6
v -10.2 12.0229 -6.1
v -8.3 11.7229 -8.9
v -9 12.9229 -8.5
v -23.1 -2.077 -16.2
v -22.8 -1.577 -17.4
v -24.2 1.6229 -13.8
v -23.4 0.1229 -13.7
v -22.8 3.5229 -9.1
v -24.6 14.323 -18.6
v -19 11.3115 -22.5
v -20.9 -21.977 -32
v -18.2 -24.477 -32.2
v -19 -25.077 -31.8
v -23.8 -17.2771 -31.6
v -5.5 2.523 -25
v -5.9 3.523 -28.4
v -8 2.623 -29.3
v -8.1 2.923 -28.5
v -16.3 -27.4771 -1.8
v -13.3248 -30.2509 -1.7329
v -18.2 -20.3771 -1.6
v -17.5 -17.7771 -1.6
v -22 -6.877 -25.3
v -22 -6.977 -19.2
v -30.7 6.3229 -13.7
v -32.2 7.4229 -14.7
v -32.8 10.823 -17.8
v -30.2 7.9229 -17.4
v -33.4 9.623 -16.9
v -2.7 25.223 -32.2
v -3.7 24.223 -32.7
v -4.2 25.323 -32.2
v -4.8 25.6229 -30
v -26.1 14.7229 -10.9
v -25.1 15.2229 -10.5
v -26.6 15.923 -14.6
v -24.5 16.4229 -14.6
v -27.8 15.523 -16.1
v -13.9822 -31.3425 -29.8
v -17.4 -28.777 -30.6
v -18.8 -27.377 -30.5
v -13.7 21.6 -38.5
v -16 22.2 -38
v -14.6 22.4 -37.4
v -18.4 22.5 -37.2
v -18.8 22.7 -35.2
v -15.3 22.8 -36.1
v -10.7 0.323 -17.9
v -15.06862 -0.6994423 -20.03783
v -14.98081 -0.4102133 -19.41403
v -18 11 -24.4
v -18.1 10.3115 -23
v -17.2 11.3 -27.8
v -16.8 10.3 -24.6
v -20.8 -4.2771 -20.5
v -20.7 -4.877 -21.7
v -12.3 6.4229 -4
v -14.2 4.6229 -2.5
v -15.9 4.1229 -2.4
v -14.1 -27.677 -15.4
v -15.4 -26.1771 -13.6
v -15.3 -26.3771 -15.4
v -17.5 -22.9771 -13.8
v -6.2 12.3229 -19.2
v -15 7.123 -20
v -12.6 8.523 -20.5
v -14.7 6.023 -18.1
v -6.7 16.823 -27.9
v -14.2 12.9 -34.3
v -30 9.7229 -6.4
v -31.4 10.7229 -6.3
v -25.9 7.8229 -7.1
v -27.5 7.6229 -7.8
v -25.7 24.9229 -3.2
v -22.9 20.6229 1
v -22.5 18.6229 1.4
v -22 19.2229 2
v -7.2 12.4229 -9.9
v -6.9 11.023 -11.9
v -3 13.823 -13.5
v -4.4 13.2229 -11.8
v -22.8 26.1229 -4.4
v -23.2 26.4229 -2.6
v -22.1 25.823 -3.1
v -25.3 25.823 -3.7
v -25.2 25.0229 -1.8
v -23.2 -8.477 -31
v -21.6 -7.377 -31.3
v -22.9 -10.577 -31.6
v -24.4 -9.977 -30.4
v -24.7 -11.8771 -31
v -24.9 -11.8771 -30.3
v -5.9 18.923 -32.3
v -3.5 23.423 -32.7
v -2.4 24.6229 -32.4
v -1.9 23.2229 -32.1
v -16.4 -8.177 -30.6
v -13 -7.577 -30
v -12.6 -12.777 -29.8
v -10.8 -13.177 -29.7
v -21.7 5.3229 -6.1
v -22.1 2.2229 -9
v -24.5 1.3229 -15.1
v -25.6 2.6229 -16.2
v -24.6 1.3229 -16.2
v -23.7 -0.1771 -15
v -13.3 3.7229 -14.8
v -12 5.123 -10.7
v -11.7 4.2229 -10.6
v -12.6 3.8229 -13.5
v 3.3527 -2.56 -30.1276
v 0.8 -4.077 -29.9
v 1.3163 -5.9411 -1.2641
v -23.9 15.0229 -6.9
v -24.1 15.9229 -8
v -22.9 14.2229 -3.8
v -23.9 17.5229 -5
v -15.9 13.6229 4.5
v -17.1 15.3229 3.9
v -14.3 12.9229 3.5
v 1.3 -4.1771 -16.1
v 1.4 -4.1771 -15.6
v 1.700326 -3.262012 -15.52811
v -0.5 -4.6771 -15.6
v 0.1 -4.477 -16.4
v -0.6 -4.2771 -16.2
v -13.4 11.5229 3.3
v -12.5 11.4229 1.9
v -11.6 11.3229 -0.7
v -11.5 10.5229 -0.9
v -8.5 15.2229 -13.1
v -9.4 15.123 -14.3
v -10.3 16.2229 -16.4
v -11.9 17.7229 -17.4
v -11.9 16.6229 -16.7
v 3.7265 2.4198 -26.5989
v 1.3 3.723 -28.3
v 3.6459 3.4523 -29.1
v -1.2 3.823 -29.2
v -7.9 2.623 -26.5
v -10.3 0.723 -22.8
v -8.3 1.223 -22.4
v -15.25118 -1.300834 -23.43125
v -15.29375 -1.441063 -22.83125
v -12.5 -0.277 -21.9
v -12 0.523 -24.7
v -12.9385 -29.6096 -21
v -12.5965 -29.0417 -15.5
v -6.6 1.123 -17.9
v -3.7 1.4229 -16.8
v -5.4 1.423 -19.7
v -23.1 25.1229 -0.5
v -21.2 23.7229 0.2
v -22.6 25.3229 -0.9
v -19.8 20.5229 2.3
v -19.5 18.6229 3.3
v -18.2 16.9229 3.6
v -11.5 -0.5771 0.2
v -10.5 -1.6771 0
v -8.2 0.9229 0.1
v -6.8 1.2229 -0.2
v -3.9 -0.3771 -0.8
v -5.4 2.3229 -0.6
v -11.5 16.2 -38.9
v -12.2 15 -38.3
v -12.3 13.7115 -34.4
v -13.5 14 -37.8
v -7.7 4.0229 -2.3
v -5.8 4.0229 -1.7
v -7.6 3.9229 -1.5
v -21.9 -19.6771 -4
v -22.6 -17.0771 -4.1
v -19.2 -24.3771 -5.7
v -20.8 -22.177 -4.8
v -18.9 -22.3771 -8.7
v -18.4 17.7229 -17.5
v -19.5 16.9229 -18.1
v -19.6 15.8 -22.1
v -19.8 13.9115 -21.3
v -19.8 15.2115 -20.8
v -21.5 20.6229 -9.1
v -21.9 19.323 -10
v -22.3 20.423 -9.1
v -22.7 18.2229 -10.9
v -23.8 17.2229 -11.4
v -23.4 17.8229 -10.4
v -19.89541 -3.480821 -28.86638
v -19.13283 -3.712319 -24.97364
v -15.00121 -0.4774039 -26.84372
v -15.20894 -1.161695 -24.45933
v -12.8 -23.7771 -31.9
v -13.8 -20.077 -31.3
v -9.8 -22.277 -31
v -19.8 -19.2771 -32.2
v -16.1 -22.577 -32.1
v -4.2 19.423 -15.3
v -1.8535 20.2695 -12.6928
v -2.0449 21.5669 -14.6056
v -16.8 -27.9771 -2.4
v -16.9 -28.2771 -3.2
v -18.3 -26.4771 -4.4
v -6.3 25.123 -30.5
v -5.8 25.223 -32.2
v -5.2 24.523 -33.3
v -21.1 15.3229 3.7
v -19.7 13.5229 4.3
v -19.1 13.9229 4.6
v -12.4 13.8229 -9.2
v -17.4 17.5229 -11.4
v -16.1 15.9229 -9.8
v -15.2 15.7229 -11.8
v -21.8 20.8 -33.3
v -21.3 19.1 -29.3
v -20.3 19.2 -27.5
v -20.8 20.1 -29
v -25.9 15.523 -12.1
v -28.6 14.2229 -11
v -20.5 16.3 -40.6
v -15.4 20.1 -41
v -17.8 21.3 -40.4
v -15 21.3 -39.3
v -11.7 21.0115 -38.2
v -10.9 19.7115 -38.4
v -12.8 20.4 -39.2
v -24.8 -13.7771 -30.9
v -25 -13.7771 -30.2
v -20.9 17.5 -41.4
v -21.5 18.6 -40.4
v -20.9 18.4 -41.7
v -19.9 18 -42.4
v -13.8 9.323 -22.8
v -24.9 16.0229 -11.5
v -25.1 25.5229 -5.5
v -24.4 26.5229 -4.1
v -24.5 25.823 -5.7
v -24.3 26.4229 -2
v -24.9 26.2229 -3.9
v -11.3 3.0229 -12.2
v -11.6 1.5229 -15.1
v -13.6 2.2229 -16
v -11.9 2.7229 -13.6
v -1.8 19.1229 -25.2
v -0.8719 21.2185 -29.4
v -13.4286 -30.4233 -31.8
v -15.6 -29.777 -31.3
v -16.6 -27.977 -31.8
v -15.8 -27.177 -32.1
v -22 -20.3771 -26.2
v -24.1 -17.377 -29.1
v -23.6 -19.177 -30
v -22.5 -20.577 -27.7
v -18 -4.1771 -0.8
v -19.3 -9.1771 -1.2
v -19.1 -3.8771 -1.8
v -20.9 -6.2771 -2.8
v -19.9 -6.4771 -1.8
v -14.8 -11.4771 -1.5
v -16.3 -9.5771 -1.1
v -12.9 -14.4771 -1.8
v -20.3 -15.477 -13.1
v -20.3 -14.7771 -16.7
v -19.7 -17.1771 -12.7
v -19.1 -20.5771 -10.6
v -20.4 -18.3771 -9.2
v -21.4 -14.3771 -10
v -15.1 13.9229 0.8
v -16.7 15.3229 2.5
v -15.2 13.8229 3
v -12.5 12.1229 0
v -11.4 11.6229 -2.5
v -21.3 -12.0771 -19.1
v -20.2 -17.3771 -19.8
v -20.4 -15.2771 -18.4
v -15 10.1229 3.2
v -15.3 11.5229 4.3
v -15.9 11.1229 4.2
v -13 10.3229 2.1
v -1.9 14.9229 -11.8
v -0.6252 15.3555 -12.3193
v -0.8627 15.9336 -11.0947
v -10.5 10.5229 -4.6
v -11 10.8229 -2.6
v -11.5 12.3229 -4.7
v -10.6 12.4229 -6.2
v -12.3 5.4229 -4.5
v -12.7 4.3229 -3.3
v -12.1 4.5229 -4.5
v -13 5.9229 -3
v -10.1 1.823 -29.3
v -12.2 1.323 -28.8
v -11.8 0.523 -30
v -11.6 -0.177 -30.4
v -19.3 21.3 -40.7
v -20.2 22.5229 -5.5
v -19 19.5229 -6.3
v -18.2 18.323 -6.8
v -18.9 11.6229 3.8
v -17.9 11.9229 4.5
v -18.1 10.5229 3.3
v -17.3 8.2229 0
v -7.4 -14.377 -29.7
v -10 -17.777 -30.1
v -6.605 -19.0935 -30.0595
v -5.9 3.1229 -4.7
v -2.4 3.7229 -2.8
v -2.7 2.9229 -4.5
v -21.6 -12.4771 -10.5
v -22 -13.7771 -8.5
v -21.9 -5.2771 -9.3
v -4.4 16.1229 -11.6
v -5.2 14.7229 -11
v -4 15.523 -11.2
v -7.1 14.823 -11.2
v -8 13.6229 -9.8
v -6.7 14.4229 -10.8
v -10.4 15.423 -34.7
v -9.9 -21.0771 -1.7
v -8.4 -17.1771 -1.7
v -11.6 -18.6771 -1.7
v -7.6054 -20.7545 -1.8086
v 0.1 -4.4771 -14.9
v -0.5 -4.0771 -14.9
v 0.7 -4.6771 -16
v -19.8 -24.2771 -3.6
v -19.6 -24.3771 -4.6
v -18.5 -26.3771 -3.3
v -3 25.7229 -31.9
v -1.7945 25.6757 -32.3509
v -1.4195 24.2574 -32.523
v -24.1 19.423 -8.1
v -13.7 21.7115 -27.8
v -15.3 21.4 -27.8
v -4.3 1.6229 -13
v -22.1 -10.977 -31.6
v -22.7 -13.5771 -31.8
v -19.5 10.6229 -21.3
v -20.6 13.323 -20.1
v -20.2 11.823 -20.7
v -9.5 17.223 -36.1
v -11.5 17.6 -39.5
v -10.4 18.2115 -38.1
v -13.3 18.7 -40.7
v -18.4 6.523 -20.3
v -17.8 7.7229 -21.1
v -17.3 8.7229 -22
v -15.4 9.3115 -23.1
v -15.8 8.323 -21.8
v -15.801 2.379 -17.83946
v -16.00434 2.545847 -17.97922
v -16.41859 2.885742 -18.26394
v -16.2 3.3229 -18.1
v -16.8821 3.266058 -18.49789
v -16.932 3.307 -18.54109
v -17.19416 3.386584 -18.72572
v -17.4 3.449071 -18.87067
v -27 13.9229 -19.3
v -29.6 13.7229 -19.3
v -29.5 14.4229 -19.2
v -32.4 11.823 -18.3
v -15.7 12.1 -31
v -17.4 11.9 -29.4
v -17.5 12.7 -30.7
v -15.8 17.8229 -15.8
v -17.7 17.9229 -14.4
v -15.9 2.9229 -2.4
v -24.6 3.5229 -18
v -24.3 1.6229 -17.3
v -26.4 4.123 -17.1
v -22.432 0.368 -18.24981
v -22.40596 0.1026458 -18.21237
v -22.37048 -0.2587898 -18.16136
v -22.8 0.7229 -18.1
v -22.38695 0.5164013 -18.30652
v -21.8 19.9 -39
v -31.3 7.2229 -10.2
v -29.8 6.6229 -10.7
v -27.6 4.8229 -13.2
v -19.8 14.9 -34.4
v -19.2 14.3 -31.7
v -6.4 21.5229 -21.6
v -3.5 3.523 -27.4
v -1.2 3.823 -28.4
v -3.6 3.723 -28.4
v -21.79941 -2.004322 -10.54024
v -22.4 -3.3771 -13.2
v -21.72688 -2.139928 -10.26126
v -23.8 -0.1771 -16.2
v -15.8 23 -34.6
v -13.8 23.2115 -35.6
v -8.8 24.823 -33.9
v -13.1867 -30.0217 -6.4
v -22.7 24.7229 -6.7
v -23.8 25.823 -5.7
v -22.8 25.6229 -5.6
v -23.4 24.7229 -7
v -20.8 20.7229 -8.9
v -21.4 23.4229 -7.1
v -20.2 20.7229 -8.5
v -19.1 19.323 -8.9
v -18.3 18.323 -9.9
v -20.6 15.8229 4.1
v -16.3 -4.777 -30.9
v -18.5 -5.177 -31.2
v -17.8 -5.977 -31.2
v -21.3 -9.7771 -31.6
v -5.9 3.223 -29.3
v -3.6 3.623 -29.2
v -25.6 10.8229 -7
v -25.6 9.9229 -6.7
v -23.7 12.1229 -5.8
v -24.5 11.2229 -6.6
v -5.6 -3.5771 -0.9
v -7.7 -1.7771 -0.4
v -7.5 -10.3771 -1.6
v -9.4 -2.5771 -0.3
v -22.2 5.2229 -19.1
v -20.87204 3.009702 -19.1
v -21.079 2.899 -19.02321
v -21.25474 2.684814 -18.93774
v -21.3783 2.534232 -18.87766
v -22.6 2.9229 -18.6
v -24.1 18.8229 -4
v -25.1 21.6229 -3.3
v -23.3 20.0229 0.4
v -24 21.9229 0
v -24.3 21.3229 -0.8
v -12.6 14.3229 -10.5
v -14 15.023 -11.9
v -13.9 14.6229 -10.3
v -12.4 14.623 -14.7
v -14 14.9229 -13.5
v -12.7 14.523 -13.4
v -19.3 17.4 -23.2
v -19.9 18.5 -26
v -20.1 16.7 -25
v -21.6 -22.277 -31.5
v -19.9 20.3 -41.9
v -3.1 14.123 -11.9
v -11.8 8.023 -18.4
v -10.1 8.823 -17.1
v -11.2 7.8229 -14.7
v -8.7 9.823 -17.4
v -9 10.1229 -19.2
v -19.1 12.5 -25.3
v -24 -10.2771 -27.5
v -23 -11.7771 -24.2
v -22.5 -9.977 -23.1
v -11.7 4.5229 -5.9
v -11.6 4.3229 -9
v -31.8 15.6229 -17.2
v -29.5 15.323 -18.1
v -31.9 15.323 -18.5
v -28.2 15.523 -15.1
v -31.8 15.6229 -16.3
v -10.9 10.6229 -22.5
v -13.1 15.7229 -15.6
v -13.9 17.7229 -16.8
v -12.2 18.7229 -18.2
v -9.2 10.2229 -8.2
v -8.1 10.4229 -10.2
v -22.4 12.1229 -3.9
v -22.9 11.0229 -4.9
v -23.8 16.2229 -6
v -23.1 13.1229 -4.9
v -4.7 22.923 -33.5
v -3.3 22.623 -32.5
v -21.8 23.6229 0.5
v -21.1 21.823 1.7
v -19 10.2229 1.5
v -20.4 12.1229 1.7
v -19.5 11.7229 3.1
v -5.5 25.023 -32.8
v -21.6 -6.1771 -21.2
v -22 -8.0771 -22.1
v -33.6 7.5229 -12.8
v -25.6 24.0229 -2.6
v -25.2 22.4229 -2.3
v -25.1 23.0229 -1.4
v -11.5 7.0229 -10.8
v -10.5 8.1229 -9.5
v -3.2 26.123 -31.4
v -4.7 25.6229 -30.9
v -20.7 14.7229 -19.5
v -20.3 15.923 -18.8
v -22.3 14.323 -18.6
v -1.7 15.923 -20.2
v -0.2901 15.8517 -18.6238
v -3.3 14.4229 -19
v -17.8 -22.6771 -12.1
v -15.7 -26.0771 -11.8
v -1.1625 16.968 -10.61
v -20.8 -19.877 -32.2
v -1.5 -3.9771 -0.9
v -1.2 -8.5771 -1.5
v -16.8 16.9 -42.4
v -17.5 15.1 -41
v -17.8 14.3 -39.8
v -11.8 -2.8771 -0.3
v -15.4 -2.5771 -0.1
v -19.1 22.6 -33
v -19 22.2 -31
v -20.3 22.3 -33.1
v -20.3 21.8 -30.9
v -10.9 2.1229 -0.1
v -14 -0.4771 0.1
v -10.4 1.3229 0.2
v -9 2.7229 -0.2
v -9.3 3.3229 -0.7
v -19.2 14.2 -37.9
v -19.4 14.8 -39.5
v -15.8 -30.077 -29.8
v -17.4 -28.777 -29.7
v -13.8669 -31.151 -28.8
v -13 5.0229 -3.3
v -22.6 -6.577 -29.7
v -24.1 -10.077 -31
v -14.5 -28.4771 -20.9
v -1.0802 22.7122 -31.7653
v -21 24.4229 -1.8
v -20.6 23.6229 -2.8
v -19.9 22.1229 -2.8
v -8.6 17.2229 -16.6
v -10.5 18.5229 -18.2
v -10.2 17.4229 -17.3
v -8.9 16.1229 -15.4
v -5.6 3.8229 -1.2
v -3.9 3.0229 -1.1
v -7.2 3.1229 -0.5
v -18.6 -18.377 -32.1
v -11.7 0.5229 -16.9
v -10 2.2229 -12.6
v -25 -11.977 -29.5
v -24.4 -10.1771 -28.7
v -24.5 -10.077 -29.6
v -21.2 21.7 -33.1
v -21.7 20.1 -31.2
v -21.2 21.1 -30.9
v -24 17.0229 -7.1
v -24.2 18.323 -6.2
v -7.2 18.6229 -16.9
v -5.9 20.1229 -17.8
v -14.1 0.123 -29.8
v -12.8391 -29.4445 -1.5
v -17.1 -24.9771 -1.5
v -24.1 -11.977 -31.4
v -20.72178 -3.098775 -19.67192
v -21.1 -3.477 -19.5
v -20.94063 -2.919202 -19.44688
v -18.6 17.3115 -19.8
v -19.5 16.4115 -20.2
v -19.2 16.9 -21.7
v -16.9 -25.7771 -20.9
v -16.5 -25.1771 -17.3
v -17.6 -23.8771 -19.2
v -18.6 -20.8771 -12.2
v -24.7 3.3229 -12.2
v -26.3 3.9229 -13.5
v -19.90186 -3.478863 -29.69901
v -19.90167 -3.478921 -29.7
v -21.4 -4.977 -28.9
v -5.2 17.823 -27.4
v -6.9 16.123 -26.4
v -6 -7.977 -29.4
v -22.6 -11.4771 -3.5
v -22.5 -7.9771 -6.7
v -22.7 -9.3771 -4.9
v -21.9 -11.077 -21.1
v -21.6 -12.677 -20.7
v -18.6 18.8229 2.4
v -17.5 17.0229 1.3
v -15.3 14.3229 -0.2
v -16.3 15.6229 0
v -28.9 5.6229 -12.7
v -14.4 12.3229 4.1
v -10.5 -16.5771 -1.8
v -12.6 -15.8771 -1.8
v -15.3 -18.8771 -1.5
v -17.9 -15.7771 -1.5
v -22.7 19.0229 -9.8
v -19.5 18.1229 -13
v -4.9 1.4229 -15.1
v -9.3 18.923 -36.9
v -9.9 10.6229 -6.3
v -9.2 11.1229 -7.7
v -10 11.4229 -6.1
v -4.2 3.6229 -3.5
v -7.5 3.1229 -4.9
v -7.2 2.7229 -6.9
v -20.90953 -2.944721 -5.76429
v -21.2 -3.1771 -6.2
v -20.63877 -3.166882 -4.992512
v -9.5 24.023 -30.4
v -9.1 22.823 -27
v -10.9 23.023 -29.1
v -10.6 22.323 -27.4
v -12.7 12.0229 1.6
v -4.1 3.9229 -2.6
v -11.9 6.0229 -10.7
v -12.9 4.9229 -13.6
v -3.4172 -13.8006 -29.5529
v 0.3 -4.9771 -15.4
v -0.2 -4.6771 -15.2
v 0.1 -4.8771 -15.9
v -21.8 19.1 -31.6
v -15.8 6.3229 -1.5
v -14.2 5.5229 -2.3
v -14.2 6.5229 -1.5
v -23.8 26.5229 -2.2
v -21.7 -19.3771 -3.1
v -22.3 -16.8771 -3.2
v -22.6 -14.1771 -3.4
v -21.7 -8.7771 -11.6
v -22.1 -5.2771 -12.8
v -22.3 -8.8771 -8.1
v -20.3 19.6229 -9.8
v -10.6 15.2229 -15.3
v -12 15.4229 -15.8
v -4.5 25.523 -31.6
v -20.6 -21.677 -24.5
v -20.1 -19.3771 -21.3
v -23 6.3229 -6.5
v -22.3 4.3229 -7.6
v -25.4 4.9229 -10.5
v -23.4 5.4229 -7.7
v -24.7 6.3229 -7.8
v -27.3 8.3229 -7.1
v -31.9 9.0229 -7
v -28.9 8.1229 -7.6
v -32.7 7.9229 -9.8
v -12.4 -8.977 -29.8
v -10 -11.077 -29.5
v -13.2 -11.3771 -29.8
v -9.1 -8.977 -29.4
v -18.5 9.523 -21.9
v -16.9 9.6115 -23.2
v 3.7024 1.1878 -21.9736
v -14.9 -29.8771 -4
v -13.7769 -31.0017 -3.0338
v -17.78255 3.565203 -18.94094
v -19.3 4.923 -19.5
v -5.5 15.2229 -11.4
v -7.7 15.123 -11.9
v -10.1 2.023 -26.7
v -10 -19.977 -30.6
v -7.4 -16.977 -29.9
v -9.1 -18.877 -30.1
v -29.5 15.023 -18.8
v -16.7 10.7229 3.9
v -18.4 -8.177 -31.2
v -21.2 -19.9771 -6.1
v -21.8 -19.8771 -5
v -17.8 17.8229 -8.8
v -19.3 20.1229 -7.3
v -20.3 21.823 -7.3
v -19.9 21.3229 -6.5
v -19.97856 -3.455581 -20.79871
v -19.43359 -3.621018 -21.87684
v 0.8 -4.077 -16.4
v -27.8 5.2229 -16.9
v -30.7 7.2229 -16.4
v -27.1 5.923 -17.7
v -31.6 13.4229 -9.2
v -27.1 13.5229 -9.8
v -25.9 12.9229 -8.6
v -24.8 22.4229 -7.3
v -24.3 22.823 -7.8
v -24.2 21.0229 -8
v -18.3 -22.9771 -1.7
v -10.7 7.9229 -11.1
v -14.9 18.8 -41.6
v -3 25.423 -25.7
v -3.3 25.923 -27.1
v -4.7 25.023 -27.4
v -15.111 1.089 -17.86007
v -18.332 3.732 -19.11914
v -18.61177 3.704542 -19.2015
v -18.9862 3.667793 -19.31172
v -15.22359 -1.209955 -0.2764058
v -15.39202 -1.764765 -0.2310669
v -15.393 -1.768 -0.2308025
v -15.81891 -2.287082 -0.261121
v -15.03149 0.2788645 -0.4685116
v -2.1 15.323 -11.3
v -32.1 13.4229 -19
v -27.2 14.323 -11.1
v -26.9 15.6229 -13.6
v -24 16.9229 -13
v -22.3 8.8229 -4.8
v -23 20.1229 -9
v -23.6 19.8229 -8.6
v -14.98411 -0.4210677 -29.89068
v -14.968 -0.368 -29.82133
v -14.97921 -0.2538034 -29.63253
v -15.68878 -2.128487 -30.79142
v -15.393 -1.768 -30.67421
v -15.26339 -1.341038 -30.49726
v -15.22603 -1.217995 -30.44626
v -13.8 -0.377 -30.3
v -15.5 -2.077 -30.8
v -8.7 -16.1771 -1.8
v -16.2 -12.0771 -30.3
v -13.7992 -31.0386 -31.3
v -15.1 -2.777 -30.9
v -18.6466 -3.690641 -30.8
v -18.96931 -3.722314 -30.77467
v -15.75299 -2.206739 -30.8
v -21.7 -10.577 -11
v -22.9 -12.1771 -5.8
v -25.7 11.9229 -7.7
v -18.7 22.1 -39.1
v -19.6 22.3 -37.5
v -19.4 14.7 -33
v -22.5 -3.9771 -14.7
v 3.6157 3.3667 -28.3891
v -9.7 13.3229 -8.5
v -15.23394 -1.244041 -21.90084
v -14.8 -0.977 -21.3
v -19.1 6.9229 -3.1
v -17.5 6.4229 -2.1
v -14.4 14.3 -39.4
v -25.7 23.5229 -3.7
v -8.2 -5.477 -29.9
v -6.9 -1.977 -30.4
v -5 -1.477 -30.5
v -5.2 -0.077 -30.5
v -21.3 19.8 -40.6
v -1.7 22.423 -31.6
v -1.5 21.623 -30.7
v -3.1 21.623 -31.9
v -11.1 14.523 -14.1
v -11.4 14.523 -12.3
v -27.2 13.023 -19.5
v -22.3 13.023 -19.4
v -17.1 15.9 -41.9
v -22.8 17.9229 0.6
v -23.6 19.323 -0.6
v -15 3.423 -17.1
v -11.9 21.323 -25.9
v -13.1 20.323 -24.3
v -11 3.3229 -10.7
v -8.9199 -22.9371 -31.0733
v -20.8 18.0229 3.4
v -19.9 16.1229 4.3
v -10.7 9.723 -20.8
v -8.1 12.8229 -22.3
v -13.9 13.6229 -5.1
v -14.8 14.6229 -8.5
v -24.4 7.2229 -6.8
v -20.2 13.1229 3.7
v -21.5 14.3229 2
v -20.4 12.7229 2.8
v -10.4 0.8229 -15.9
v -6.4 1.1229 -15.6
v -22.8 -20.877 -30.8
v -23.2 -18.977 -31.6
v -22.5 -18.677 -32
v -18.5 12 -27.4
v -6.2 24.323 -27.9
v -6.4 24.823 -29.4
v -21.7 -5.577 -19.9
v -12.5528 -28.9691 -13.6092
v -24.6 -15.677 -29.2
v -14.2 10.5229 3.3
v -18.9 12 -23.9
v -23.2 17.5229 -12.1
v -25.6 16.1229 -13.1
v -24.5 16.6229 -12.3
v -21.4 14.9229 3
v -17.5 22.3 -31.2
v -22.3 -8.8771 -3.7
v -21 -22.0771 -3.8
v -15.8 19.3115 -22.7
v -23.3 18.7229 -9.4
v -24 17.7229 -8.1
v -23.7 18.323 -8.9
v -19.7 21.2229 -3.6
v -20.7 -14.877 -11.5
v -22.4 -6.777 -30.4
v -23.5 -8.377 -30.4
v -7.1 17.2229 -15.5
v -12.9 17.4 -40.8
v -7.2 17.823 -33
v -10.6 14.623 -32.6
v -12 10.9229 0.6
v -20 21.9229 1.2
v -13.056 -29.8046 -22.8
v -12 3.9229 -3.1
v -31.8 15.2229 -13.9
v -1 -3.7771 -15.9
v -14.2 18.323 -17.4
v -15.2 15.5 -41.3
v -20.8 19.5 -41.9
v -25.3 24.3229 -1.7
v -2.6 -10.6771 -29.4
v -2.7 -7.477 -29.6
v -5 23.823 -33.5
v -21.5 3.1229 -7.4
v -12 5.4229 -5.9
v -5.6 12.3229 -11.5
v -6.9 11.8229 -10.3
v -6.2 -14.0771 -29.7
v -4.3064 -15.2771 -29.7
v -5.1335 -16.6503 -29.9
v -23.5 0.1229 -17.2
v -22.1 -9.5771 -21.5
v -21.7 -10.577 -19.5
v -24.6 13.4229 -19.2
v 0.5 -4.6771 -15
v 1 -4.6771 -15.2
v -18 -15.777 -31.4
v -16.6 -18.577 -31.6
v -13.7 -24.9771 -1.2
v -17.3 -22.2771 -1.4
v -22 18.4229 -11.3
v -21 18.6229 -11.4
v -23.2 16.9229 -13.7
v -21.536 -2.430696 -18.80241
v -21.38449 -2.555008 -18.96641
v -13.9822 -31.3425 -30.7
v -9.2 0.7229 -17.1
v -22.1 23.4229 -7.6
v -9.2 3.7229 -3.6
v -9 3.3229 -5.3
v -15.8 12.6 -32.5
v -14 12.2115 -31.2
v -17.6 13.2 -32.1
v -18.8 -24.877 -24.4
v -5.9328 -17.9774 -1.7167
v -4.5771 -15.7264 -1.8
v -1.7 15.323 -18.8
v -5.8 3.323 -27.5
v -8 2.923 -27.6
v -4.6 21.5229 -19.3
v -9.4 20.1229 -20.7
v -12.1 11.6229 0.6
v -8.1 11.0229 -9.4
v -11 13.4229 -29.2
v -10.9405 12.2188 -25.8788
v -13.7 15.323 -14.8
v -14.3 8.323 -21.3
v -8.7 2.0229 0.1
v -20.8 -12.477 -15.5
v -21.5 -9.477 -13.1
v -19.37254 -3.639551 -21.97503
v -1.1 -4.077 -29.9
v -24.7 23.6229 -0.7
v -1.9749 26.2749 -31.9788
v -24.9 -13.877 -29.4
v -32 14.2229 -19.2
v -27.1 9.1229 -6.7
v -11 11.9229 -4.5
v -33.7 8.7229 -15.7
v -21.8 18.5 -38.9
v -21.9 18.4 -37.2
v -4.4 20.6229 -17.2
v -3.1 21.5229 -16.6
v -15.07887 -0.7332093 -20.25839
v -14 12.7115 -32.7
v -12.3 12.923 -31.1
v -21.4 25.1229 -3.5
v -0.4246 15.1696 -14.4089
v -16.1 9.7229 2.9
v -7.8 11.923 -20.8
v -22.1 -13.0771 -22.3
v -28.5 15.323 -13.9
v -18.61917 -3.687949 -30.80484
v -17.61772 -3.58966 -30.98152
v -19 -4.577 -31.1
v -15.85403 -2.329877 -30.83035
v -4 3.9229 -1.9
v -15.8 -7.5771 -0.9
v -10.2 2.223 -27.7
v -3.4 14.4229 -11.4
v -22.3 7.623 -19.6
v -14.4 -12.3771 -30.1
v -19.85742 3.552404 -5.303817
v -20.6 4.1229 -5.9
v -20.26262 3.335671 -5.787539
v -21.31661 2.609412 -7.326644
v -21.7604 2.068538 -8.444298
v -17.1 18.6115 -21.1
v 0.9 -4.7771 -15.6
v -16.6 -24.6771 -13.7
v -1.6469 19.0454 -11.2429
v -5.8971 -17.9182 -29.9603
v -3.9 -12.277 -29.4
v -1.1386 -10.0173 -1.6201
v -2.4374 27.0403 -28.3365
v -26.7 3.8229 -16.1
v -7.6 -18.4771 -1.7
v -15.98432 2.529414 -2.25947
v -15.82506 2.398745 -2.127686
v -15.801 2.379 -2.107773
v -15.47917 1.777312 -1.68799
v -16.27908 2.771269 -2.602175
v -12.7 14.623 -11.9
v -11.4 -15.477 -29.9
v -16.3 13.2229 4.7
v -25.5 2.6229 -15.1
v -7.9 -6.877 -29.5
v -21.6 -6.577 -22.6
v -17.9 17.0229 3
v -21.4 17.6229 3.1
v -20.2 -13.977 -31.7
v -19.3 -16.977 -31.9
v -17.47663 3.472333 -3.2
v -16.97339 3.319565 -2.956518
v -16.932 3.307 -2.936491
v -16.72289 3.135426 -2.838877
v -22.19587 1.145853 -18.46248
v -21.2 -21.877 -26.1
v -16.5 -13.4771 -1.5
v -5.7 -9.477 -29.3
v -14.99301 -0.1131568 -29.21895
v -14.98737 -0.1706832 -28.18737
v -18.98337 -3.723693 -24.24669
v -21.02421 -2.850626 -6.061876
v -8.5 24.523 -34.7
v -19.90186 -3.478863 -28.9
v -19.90135 -3.47902 -28.89764
v -21.599 -2.379 -18.70812
v -21.62829 -2.324246 -18.66228
v -21.67778 -2.231724 -18.61574
v -27.4 15.323 -17.1
v -27 14.623 -18.8
v -8 -16.077 -29.8
v -15.04117 -0.6090181 -30.03529
v -14.96846 -0.3632676 -0.3248033
v -14.968 -0.368 -0.3237442
v -19.068 -3.732 -30.7232
v -18.9 9.6229 0.3
v -16.8 21.1 -27.7
v -13.7 14.0229 -8.9
v -21.96531 1.818815 -8.946122
v -22.41592 0.2041138 -11.24819
v -22.432 0.368 -11.17192
v -22.04645 1.638052 -9.281984
v -22.007 1.768 -9.088613
v -23.8 26.5229 -4.2
v -19.3 20.1229 -4.3
v -14.1 23.3115 -34.3
v -8.3 9.823 -12.3
v -13.7 11.0229 3.4
v -14.7 11.9229 4.4
v -17.3 -17.177 -31.6
v -3.7 -14.2701 -29.6329
v -19.85866 3.55174 -19.29685
v -20.03748 3.456091 -19.26211
v -19.789 3.589 -19.30222
v -17.69866 -3.597604 -0.7536403
v -17.98161 -3.625374 -1.02069
v -16.31758 -2.894829 -0.3688287
v -16.321 -2.899 -0.369568
v -17.60167 -3.584008 -0.7234593
v -17.611 -3.589 -0.7260382
v -14.968 -0.368 -27.0761
v -14.9837 -0.2080352 -27.51756
v -17.8 -25.577 -1.9
v -20.18084 -3.394174 -20.51159
v -20.40124 -3.327266 -20.19876
v -19.90141 -3.479 -29.70082
v -5.9 -13.0771 -1.8
v -15.11827 1.10258 -1.05273
v -15.111 1.089 -1.03638
v -15.27254 1.391016 -1.4
v -7.5 3.6229 -0.8
v -20.6 16.3 -32.6
v -2.1616 22.5955 -16.6
v -19.35502 -3.64487 -22
v -23.6 14.1229 -5.9
v -19.883 -3.484591 -2.973127
v -19.10748 -3.720015 -1.919684
v -21.599 -2.379 -9.089365
v -21.5063 -2.455066 -8.259807
v -21.499 -2.461054 -8.203009
v -21.49628 -2.463284 -8.193091
v -20.77707 3.060499 -6.475467
v -22.3 -7.1771 -5.3
v -21.14427 2.819452 -7.033401
v -21.079 2.899 -6.922343
v -19.89651 -3.480488 -29.71046
v -15.12045 -0.8701836 -20.71251
v -18.98337 -3.723693 -24.52111
v -19.068 -3.732 -24.72527
v -20.468 -3.307 -20.108
v -10.8 3.6229 -9.1
v -17.611 -3.589 -30.98156
v -17.21164 -3.37539 -30.95802
v -16.321 -2.899 -30.90553
v -16.03463 -2.54998 -30.85942
v -21.4925 -2.466385 -8.182857
v -15.21602 -1.185011 -21.43001
v -22.29106 -1.068057 -17.98165
v -22.289 -1.089 -17.98314
v -22.16402 -1.322651 -18.11248
v -19.03403 -3.728666 -1.810995
v -19.04147 -3.729396 -1.820888
v -19.068 -3.732 -1.856163
v -21.99307 1.784979 -18.67587
v -22.007 1.768 -18.66618
v -22.08597 1.507866 -18.58101
v -14.968 -0.368 -19.32549
v -14.98839 -0.160227 -18.8942
v -14.99493 -0.09362436 -18.83155
v -21.50564 -2.455604 -8.254706
v -21.10717 -2.782556 -6.292834
f 1690 1654 1691 
f 1691 1654 1653 
f 1377 1376 662 
f 663 662 1376 
f 1689 1655 1690 
f 1690 1655 1654 
f 1378 1377 1650 
f 1650 1377 661 
f 662 661 1377 
f 1688 1656 1689 
f 1689 1656 1655 
f 1577 1650 661 
f 1577 1649 1650 
f 1648 1650 1649 
f 1577 661 664 
f 1652 1698 1697 
f 1688 1698 1652 
f 1656 1652 1651 
f 1688 1652 1656 
f 1698 1688 1567 
f 1568 1567 1688 
f 1678 1649 1579 
f 1678 1681 1649 
f 1119 1118 1681 
f 1118 1649 1681 
f 1577 1579 1649 
f 1405 1685 1567 
f 410 1684 1617 
f 1567 1685 1684 
f 1567 1684 410 
f 1698 1567 410 
f 1698 409 1699 
f 409 1698 410 
f 1685 1405 1631 
f 1405 1406 1631 
f 1120 1119 1680 
f 1681 1680 1119 
f 1631 889 1685 
f 1259 1662 1260 
f 1662 1259 1682 
f 1620 1682 1259 
f 1682 1620 447 
f 1621 447 1620 
f 888 447 1621 
f 1631 888 889 
f 448 888 1631 
f 448 447 888 
f 1358 1670 1545 
f 1357 1670 1358 
f 574 1357 1673 
f 1673 573 1672 
f 1357 1699 1670 
f 1699 409 1670 
f 408 1670 409 
f 1581 1120 1680 
f 1635 1639 1581 
f 1581 1639 1120 
f 1701 1700 1639 
f 1700 1121 1639 
f 1121 1120 1639 
f 1581 1680 1580 
f 1660 575 574 
f 1661 575 1660 
f 1661 1686 575 
f 1702 1701 1638 
f 1639 1638 1701 
f 1706 1249 1519 
f 575 1292 576 
f 1692 1676 1677 
f 1676 1692 1706 
f 1686 1706 1692 
f 1618 1692 1707 
f 1290 1692 1618 
f 1292 1692 1290 
f 1686 1692 1292 
f 1686 1292 575 
f 1247 1706 1686 
f 1247 1249 1706 
f 1070 1074 1637 
f 1611 1637 1074 
f 1611 1702 1637 
f 1638 1637 1702 
f 1706 1674 1675 
f 1519 1674 1706 
f 1674 1519 1622 
f 1518 1622 1519 
f 1071 1070 1636 
f 1637 1636 1070 
f 1674 1622 1087 
f 1696 626 1624 
f 1624 626 1623 
f 630 1623 626 
f 630 1085 1623 
f 1087 1622 1085 
f 1622 1623 1085 
f 1071 628 1072 
f 1695 1694 627 
f 627 1694 628 
f 1072 628 1694 
f 1071 1636 628 
f 626 1696 627 
f 1696 1695 627 
f 2 3 1 
f 5 6 4 
f 7 5 4 
f 9 10 8 
f 11 10 9 
f 13 11 12 
f 13 12 14 
f 11 13 10 
f 15 8 10 
f 8 15 16 
f 14 17 13 
f 18 17 14 
f 20 21 19 
f 16 23 22 
f 24 21 20 
f 26 21 25 
f 28 25 27 
f 23 25 28 
f 25 23 29 
f 30 23 16 
f 23 30 29 
f 30 16 15 
f 32 33 31 
f 35 36 34 
f 36 37 33 
f 32 36 33 
f 36 32 38 
f 40 38 39 
f 41 38 40 
f 39 38 32 
f 42 38 41 
f 38 42 43 
f 37 36 44 
f 36 35 44 
f 45 44 35 
f 46 17 18 
f 17 46 45 
f 46 44 45 
f 47 21 29 
f 21 47 48 
f 49 50 19 
f 19 50 51 
f 19 51 20 
f 43 53 52 
f 54 53 43 
f 54 43 42 
f 55 56 38 
f 38 56 36 
f 47 57 48 
f 57 47 58 
f 48 57 59 
f 59 57 60 
f 58 47 61 
f 62 61 47 
f 61 62 63 
f 63 62 64 
f 65 52 53 
f 49 67 66 
f 52 65 68 
f 49 65 67 
f 49 66 50 
f 69 65 49 
f 69 68 65 
f 71 72 70 
f 73 72 71 
f 72 73 55 
f 55 73 56 
f 74 60 57 
f 60 74 75 
f 70 77 76 
f 77 70 72 
f 75 79 78 
f 79 75 80 
f 81 75 74 
f 75 81 80 
f 83 84 82 
f 84 76 82 
f 77 82 76 
f 85 78 79 
f 78 85 86 
f 87 88 83 
f 84 83 88 
f 87 83 89 
f 86 91 90 
f 91 86 92 
f 93 86 85 
f 93 92 86 
f 95 96 94 
f 97 98 96 
f 98 88 96 
f 96 88 94 
f 87 94 88 
f 91 100 99 
f 100 102 101 
f 91 99 103 
f 91 103 104 
f 106 107 105 
f 107 106 108 
f 90 108 106 
f 108 90 104 
f 91 104 90 
f 109 100 91 
f 100 109 102 
f 110 111 95 
f 96 95 111 
f 110 95 112 
f 114 115 113 
f 115 114 116 
f 107 113 115 
f 113 107 117 
f 117 107 118 
f 119 107 108 
f 119 118 107 
f 121 122 120 
f 123 124 122 
f 124 125 122 
f 125 110 122 
f 126 127 125 
f 125 127 110 
f 128 129 127 
f 127 129 111 
f 129 130 111 
f 131 132 130 
f 132 111 130 
f 111 110 127 
f 110 120 122 
f 134 114 133 
f 134 135 114 
f 136 114 135 
f 113 133 114 
f 138 121 137 
f 139 121 138 
f 139 140 121 
f 122 121 140 
f 121 141 137 
f 143 130 142 
f 144 131 143 
f 131 130 143 
f 146 147 145 
f 147 148 145 
f 136 135 148 
f 135 145 148 
f 150 151 149 
f 149 151 152 
f 153 141 151 
f 154 141 153 
f 155 141 154 
f 156 137 155 
f 137 141 155 
f 141 152 151 
f 144 158 157 
f 159 157 158 
f 157 160 144 
f 161 162 160 
f 160 162 144 
f 162 163 144 
f 164 165 163 
f 165 166 163 
f 166 167 163 
f 167 144 163 
f 144 143 158 
f 169 170 168 
f 146 145 170 
f 145 168 170 
f 172 173 171 
f 174 150 173 
f 151 150 174 
f 150 171 173 
f 163 175 164 
f 176 164 175 
f 169 178 177 
f 180 181 179 
f 179 181 178 
f 177 178 181 
f 168 178 169 
f 183 184 182 
f 182 184 185 
f 186 172 184 
f 173 172 186 
f 172 185 184 
f 188 189 187 
f 190 187 189 
f 188 187 191 
f 192 191 187 
f 188 191 193 
f 194 193 191 
f 193 195 188 
f 195 176 188 
f 176 175 196 
f 188 176 196 
f 198 181 197 
f 197 181 199 
f 180 199 181 
f 201 202 200 
f 184 183 202 
f 183 200 202 
f 190 189 203 
f 189 204 203 
f 202 201 205 
f 206 205 201 
f 197 199 206 
f 199 205 206 
f 203 204 207 
f 209 210 208 
f 212 213 211 
f 215 216 214 
f 218 219 217 
f 221 222 220 
f 224 225 223 
f 227 228 226 
f 230 231 229 
f 233 234 232 
f 215 236 235 
f 238 239 237 
f 241 242 240 
f 244 245 243 
f 230 229 246 
f 248 249 247 
f 251 252 250 
f 253 240 242 
f 255 256 254 
f 258 259 257 
f 261 262 260 
f 264 265 263 
f 267 268 266 
f 227 270 269 
f 272 273 271 
f 275 276 274 
f 277 245 244 
f 279 280 278 
f 282 283 281 
f 285 286 284 
f 287 288 81 
f 80 81 288 
f 287 58 61 
f 290 107 289 
f 289 107 115 
f 105 107 290 
f 288 292 291 
f 294 295 293 
f 297 298 296 
f 216 300 299 
f 302 303 301 
f 305 306 304 
f 308 309 307 
f 311 312 310 
f 314 315 313 
f 317 318 316 
f 320 321 319 
f 323 324 322 
f 326 327 325 
f 274 276 328 
f 330 331 329 
f 333 334 332 
f 336 337 335 
f 339 340 338 
f 342 343 341 
f 345 346 344 
f 348 349 347 
f 131 350 132 
f 144 350 131 
f 144 167 350 
f 222 221 351 
f 353 354 352 
f 356 357 355 
f 359 360 358 
f 362 363 361 
f 216 364 214 
f 366 367 365 
f 369 370 368 
f 372 373 371 
f 375 376 374 
f 378 379 377 
f 380 381 273 
f 383 384 382 
f 385 386 285 
f 388 389 387 
f 391 392 390 
f 394 395 393 
f 292 148 147 
f 397 398 396 
f 400 401 399 
f 403 404 402 
f 406 407 405 
f 412 409 411 
f 411 409 410 
f 408 409 412 
f 416 414 415 
f 413 416 417 
f 413 414 416 
f 419 420 418 
f 422 423 421 
f 425 426 424 
f 428 429 427 
f 310 430 311 
f 432 433 431 
f 372 435 434 
f 236 437 436 
f 438 439 341 
f 441 442 440 
f 444 445 443 
f 446 448 449 
f 448 446 447 
f 451 452 450 
f 454 455 453 
f 457 458 456 
f 460 461 459 
f 439 462 341 
f 464 465 463 
f 467 468 466 
f 470 471 469 
f 473 474 472 
f 476 477 475 
f 479 480 478 
f 481 482 306 
f 484 485 483 
f 486 487 307 
f 489 490 488 
f 492 493 491 
f 495 496 494 
f 498 499 497 
f 501 502 500 
f 504 505 503 
f 507 268 506 
f 509 510 508 
f 512 513 511 
f 514 515 258 
f 517 518 516 
f 343 519 341 
f 521 522 520 
f 524 525 523 
f 526 416 528 
f 416 526 527 
f 530 531 529 
f 215 533 532 
f 535 536 534 
f 261 260 264 
f 538 539 537 
f 493 492 540 
f 541 241 157 
f 160 157 241 
f 193 542 195 
f 544 545 543 
f 547 548 546 
f 37 549 33 
f 551 552 550 
f 554 555 553 
f 433 557 556 
f 281 558 282 
f 560 561 559 
f 305 563 562 
f 386 385 564 
f 566 567 565 
f 568 569 497 
f 571 572 570 
f 578 574 577 
f 577 574 575 
f 577 575 576 
f 573 574 578 
f 580 581 579 
f 583 434 582 
f 585 586 584 
f 562 306 305 
f 588 589 587 
f 300 422 299 
f 591 592 590 
f 449 593 446 
f 595 596 594 
f 598 599 597 
f 600 601 353 
f 431 602 346 
f 604 605 603 
f 607 608 606 
f 610 611 609 
f 263 265 612 
f 333 483 485 
f 537 330 538 
f 614 272 613 
f 616 617 615 
f 619 620 618 
f 264 621 261 
f 213 212 622 
f 502 623 500 
f 407 625 624 
f 628 629 627 
f 626 629 630 
f 626 627 629 
f 632 633 631 
f 549 31 33 
f 634 635 457 
f 338 637 636 
f 432 431 346 
f 244 638 277 
f 640 641 639 
f 643 644 642 
f 646 647 645 
f 451 649 648 
f 650 100 101 
f 79 288 85 
f 80 288 79 
f 651 93 288 
f 93 85 288 
f 652 360 359 
f 588 653 589 
f 655 503 654 
f 655 250 656 
f 317 658 657 
f 659 660 633 
f 662 663 226 
f 663 631 226 
f 633 226 631 
f 226 664 661 
f 662 226 661 
f 666 667 665 
f 669 670 668 
f 672 673 671 
f 675 496 674 
f 677 678 676 
f 680 681 679 
f 670 669 682 
f 530 684 683 
f 686 687 685 
f 689 690 688 
f 499 692 691 
f 694 695 693 
f 696 611 610 
f 697 698 618 
f 700 701 699 
f 703 704 702 
f 705 706 389 
f 708 709 707 
f 710 638 244 
f 711 377 379 
f 713 714 712 
f 258 715 514 
f 396 716 397 
f 718 719 717 
f 532 721 720 
f 645 723 722 
f 511 724 512 
f 388 725 564 
f 726 727 254 
f 729 730 728 
f 732 733 731 
f 615 734 616 
f 425 736 735 
f 738 739 737 
f 216 740 300 
f 741 742 419 
f 744 745 743 
f 747 748 746 
f 749 219 218 
f 749 751 528 
f 749 750 751 
f 752 753 711 
f 754 755 752 
f 412 757 756 
f 758 559 561 
f 659 760 759 
f 762 763 761 
f 598 597 764 
f 211 213 765 
f 767 768 766 
f 296 640 769 
f 498 770 499 
f 772 431 771 
f 774 281 773 
f 359 358 775 
f 777 778 776 
f 534 779 535 
f 781 782 780 
f 784 785 783 
f 787 469 786 
f 789 790 788 
f 792 793 791 
f 461 641 794 
f 796 797 795 
f 686 799 798 
f 801 592 800 
f 226 228 802 
f 709 708 803 
f 805 806 804 
f 807 804 806 
f 522 521 808 
f 810 811 809 
f 812 21 48 
f 813 21 812 
f 21 813 19 
f 812 48 59 
f 19 813 49 
f 69 49 813 
f 450 288 814 
f 815 816 424 
f 393 818 817 
f 392 819 390 
f 819 821 820 
f 823 824 822 
f 824 823 25 
f 826 827 825 
f 829 2 828 
f 830 831 261 
f 832 833 624 
f 835 836 834 
f 292 837 291 
f 839 177 838 
f 838 177 181 
f 840 181 198 
f 838 181 840 
f 842 843 841 
f 844 846 847 
f 846 844 845 
f 215 849 848 
f 435 372 371 
f 851 122 850 
f 850 122 140 
f 122 851 123 
f 850 139 852 
f 852 139 138 
f 64 287 63 
f 854 855 853 
f 857 858 856 
f 860 861 859 
f 863 864 862 
f 456 458 865 
f 867 868 866 
f 869 484 336 
f 869 871 870 
f 872 873 682 
f 875 876 874 
f 877 878 208 
f 880 881 879 
f 883 884 882 
f 886 887 885 
f 313 889 888 
f 891 847 890 
f 893 894 892 
f 896 713 895 
f 898 899 897 
f 610 438 899 
f 720 900 532 
f 902 352 901 
f 903 904 516 
f 339 905 340 
f 778 777 906 
f 509 908 907 
f 701 700 909 
f 911 912 910 
f 380 913 491 
f 915 916 914 
f 917 735 736 
f 344 918 345 
f 675 919 570 
f 691 497 499 
f 921 922 920 
f 924 925 923 
f 793 792 926 
f 303 302 927 
f 929 930 928 
f 572 571 931 
f 248 755 754 
f 932 319 321 
f 736 933 917 
f 886 473 472 
f 935 936 934 
f 935 938 937 
f 939 811 810 
f 941 942 940 
f 462 342 341 
f 639 944 943 
f 946 947 945 
f 945 947 948 
f 567 566 949 
f 951 952 950 
f 953 954 351 
f 956 957 955 
f 6 959 958 
f 960 7 4 
f 962 963 961 
f 965 966 964 
f 968 969 967 
f 971 402 970 
f 598 962 599 
f 973 974 972 
f 976 977 975 
f 978 829 828 
f 980 981 979 
f 438 980 439 
f 971 983 982 
f 702 985 984 
f 987 988 986 
f 758 561 989 
f 990 991 719 
f 689 993 992 
f 671 994 672 
f 744 922 921 
f 587 589 995 
f 563 997 996 
f 109 650 102 
f 998 999 907 
f 1000 1001 307 
f 1003 801 1002 
f 216 299 1004 
f 194 542 193 
f 1006 1007 1005 
f 1009 232 1008 
f 667 666 1010 
f 1012 1013 1011 
f 1015 1016 1014 
f 459 461 794 
f 866 1017 867 
f 1019 1020 1018 
f 452 1021 450 
f 1023 14 1022 
f 1022 14 12 
f 18 14 1023 
f 18 1023 46 
f 823 822 1024 
f 875 1026 1025 
f 902 1027 1025 
f 733 1028 731 
f 342 1030 1029 
f 475 1031 476 
f 884 480 479 
f 690 689 551 
f 543 72 55 
f 38 543 55 
f 543 38 43 
f 813 543 43 
f 813 43 52 
f 813 52 68 
f 77 543 82 
f 77 72 543 
f 656 503 655 
f 276 1033 1032 
f 128 1034 129 
f 1035 547 546 
f 259 258 1036 
f 1037 376 375 
f 1038 1039 375 
f 1041 1042 1040 
f 925 924 1043 
f 1044 1045 316 
f 1047 1048 1046 
f 1052 1049 1050 
f 1052 1050 1051 
f 1052 415 1049 
f 414 1049 415 
f 657 1055 1056 
f 1055 657 1054 
f 657 1052 1054 
f 1053 1054 1052 
f 1058 1059 1057 
f 432 1060 433 
f 1062 1063 1061 
f 249 248 754 
f 208 210 877 
f 654 1065 1064 
f 680 759 760 
f 681 680 1066 
f 1068 1069 1067 
f 1072 1073 1071 
f 1070 1071 1073 
f 1070 1073 1074 
f 381 380 1075 
f 929 674 496 
f 1077 558 1076 
f 1078 256 255 
f 494 1079 495 
f 693 1080 694 
f 897 696 898 
f 250 1081 251 
f 113 117 837 
f 837 117 291 
f 113 837 133 
f 1083 1084 1082 
f 401 1085 1086 
f 1085 401 1087 
f 807 1088 705 
f 748 747 1089 
f 517 1091 1090 
f 215 532 236 
f 352 354 1092 
f 1094 1095 1093 
f 478 1096 479 
f 1098 1099 1097 
f 1100 1101 363 
f 907 908 1102 
f 507 395 394 
f 687 1103 688 
f 1105 1106 1104 
f 53 54 826 
f 53 826 65 
f 1084 1108 1107 
f 1108 1084 1083 
f 1109 1110 347 
f 425 1112 1111 
f 862 1114 1113 
f 453 1116 1115 
f 1117 1119 1122 
f 1122 1119 1120 
f 1122 1120 1121 
f 1119 1117 1118 
f 376 1044 374 
f 1124 476 1123 
f 1126 1127 1125 
f 1129 1130 1128 
f 1132 1133 1131 
f 1134 331 330 
f 1135 1136 879 
f 301 951 302 
f 418 1137 419 
f 928 930 931 
f 490 1138 488 
f 1139 782 781 
f 1139 781 325 
f 1141 1142 1140 
f 1140 1144 1143 
f 63 287 61 
f 502 501 910 
f 910 361 363 
f 1145 695 694 
f 614 613 379 
f 973 972 565 
f 1147 1148 1146 
f 429 428 772 
f 431 772 602 
f 1149 483 333 
f 809 612 1150 
f 1152 1153 1151 
f 739 1155 1154 
f 298 297 1156 
f 932 321 767 
f 835 1158 1157 
f 1159 655 654 
f 703 779 534 
f 264 1161 1160 
f 1162 1163 266 
f 1165 817 1164 
f 1167 460 1166 
f 797 1167 795 
f 466 391 467 
f 1169 856 1168 
f 1001 1000 1170 
f 1170 1172 1171 
f 1091 904 1173 
f 1090 1091 293 
f 1174 1175 725 
f 313 315 411 
f 1060 730 433 
f 726 1176 727 
f 400 1010 666 
f 1178 1179 1177 
f 469 787 470 
f 1142 1141 622 
f 1181 263 1180 
f 342 1029 343 
f 1183 615 1182 
f 244 1185 1184 
f 1184 1186 244 
f 643 1188 1187 
f 326 1189 327 
f 601 600 1190 
f 601 1191 436 
f 610 1192 438 
f 1011 1013 609 
f 26 822 824 
f 713 1193 895 
f 712 1193 713 
f 35 1194 45 
f 455 649 1195 
f 457 1196 634 
f 568 1198 1197 
f 867 770 498 
f 319 247 320 
f 859 676 1199 
f 351 1200 953 
f 276 1089 1201 
f 1203 1204 1202 
f 1206 1207 1205 
f 1208 1209 335 
f 1079 494 1210 
f 675 1211 1210 
f 1212 1213 741 
f 216 1214 740 
f 986 1215 987 
f 680 987 1215 
f 594 1216 595 
f 791 1217 792 
f 1218 848 849 
f 1218 761 763 
f 342 1219 1030 
f 639 641 944 
f 481 1220 785 
f 1222 995 1221 
f 1224 1225 1223 
f 1226 833 832 
f 1228 542 1227 
f 1229 1228 1227 
f 445 444 590 
f 893 896 1230 
f 416 1231 528 
f 253 1232 240 
f 1234 1235 1233 
f 1233 1147 1146 
f 1237 1238 1236 
f 1204 1203 1236 
f 1239 816 815 
f 1123 476 1240 
f 440 1242 1241 
f 897 1242 440 
f 991 990 1243 
f 533 1244 532 
f 533 1245 1244 
f 790 1246 1217 
f 258 515 1036 
f 1248 1249 1247 
f 1250 878 877 
f 331 1252 1251 
f 435 1254 1253 
f 1255 597 599 
f 876 965 964 
f 1256 1190 876 
f 707 709 1257 
f 255 1258 1078 
f 1261 1260 1216 
f 1259 1260 1261 
f 953 955 957 
f 1262 943 642 
f 769 1263 296 
f 545 544 1264 
f 813 812 450 
f 1265 579 581 
f 668 1267 1266 
f 564 725 1175 
f 1268 1269 972 
f 1271 304 1270 
f 1272 1273 968 
f 557 1176 726 
f 726 1274 557 
f 976 510 509 
f 819 1275 821 
f 1277 1278 1276 
f 723 1279 220 
f 885 1280 883 
f 362 1281 209 
f 128 1282 1034 
f 1282 128 127 
f 253 1034 1282 
f 636 637 1283 
f 924 1042 1041 
f 1160 1285 1284 
f 982 1286 971 
f 1288 869 1287 
f 332 334 1289 
f 1292 1291 665 
f 1290 1291 1292 
f 903 516 1293 
f 1295 1296 1294 
f 829 1297 3 
f 967 969 970 
f 870 1298 869 
f 1180 1299 523 
f 1300 809 811 
f 367 366 1002 
f 216 1004 1301 
f 1302 1303 1022 
f 825 1304 826 
f 272 1305 273 
f 915 914 1136 
f 1307 1308 1306 
f 307 487 308 
f 853 855 1309 
f 935 1309 784 
f 684 1310 683 
f 579 1312 1311 
f 399 1314 1313 
f 1315 399 1313 
f 1316 1097 1099 
f 1316 883 882 
f 623 1157 1158 
f 1317 1318 1131 
f 46 1023 44 
f 733 1173 904 
f 733 1319 1182 
f 585 584 582 
f 1321 949 1320 
f 1323 802 1322 
f 1325 1326 1324 
f 1328 1329 1327 
f 558 556 1330 
f 1332 1333 1331 
f 367 1334 1264 
f 1037 1335 376 
f 1046 1336 1047 
f 1210 1211 1198 
f 570 1197 1198 
f 651 1337 93 
f 92 93 1337 
f 1339 901 1338 
f 1339 1338 1092 
f 316 318 1044 
f 657 1340 1341 
f 1340 657 1056 
f 1342 442 1014 
f 1343 442 441 
f 847 554 553 
f 841 1344 842 
f 1040 865 1041 
f 1017 866 1040 
f 1345 894 893 
f 299 1347 1346 
f 1152 1348 1153 
f 1057 1059 1348 
f 509 977 976 
f 1000 1349 999 
f 1065 361 910 
f 505 210 1065 
f 653 783 785 
f 783 1095 1094 
f 1103 1105 1104 
f 798 1350 686 
f 876 1351 965 
f 682 1352 872 
f 1100 1354 1353 
f 1355 1356 1354 
f 412 1357 1358 
f 412 756 1357 
f 826 1024 822 
f 826 1359 65 
f 67 65 1359 
f 1360 1361 729 
f 1362 729 310 
f 427 1364 1363 
f 735 1365 425 
f 652 1367 1366 
f 1368 1031 475 
f 684 530 1369 
f 1245 720 721 
f 1370 1180 622 
f 1181 780 1161 
f 1371 635 634 
f 490 489 634 
f 341 519 1372 
f 1373 1374 619 
f 288 287 814 
f 1194 814 17 
f 10 13 814 
f 13 17 814 
f 45 1194 17 
f 10 814 15 
f 30 15 814 
f 1320 368 1321 
f 973 599 974 
f 416 1375 417 
f 416 527 1375 
f 1341 1377 1378 
f 1377 1341 1376 
f 1341 1340 1376 
f 1380 1200 1379 
f 1381 1200 1380 
f 1382 1200 1381 
f 1383 239 238 
f 1205 239 1206 
f 981 1384 979 
f 607 438 609 
f 432 1385 1060 
f 1060 311 430 
f 1386 1387 345 
f 1388 737 1387 
f 1389 347 349 
f 266 1163 347 
f 1390 1391 1368 
f 883 1280 1390 
f 1243 1393 1394 
f 1243 1392 1393 
f 1399 1396 1397 
f 1399 1397 1398 
f 1395 1396 1400 
f 1399 1400 1396 
f 1401 7 960 
f 648 452 451 
f 799 1333 1402 
f 443 1402 444 
f 419 946 741 
f 740 1403 300 
f 823 27 25 
f 11 1022 12 
f 1104 1404 1103 
f 449 1406 1405 
f 1395 1400 1407 
f 1315 1408 232 
f 1266 1409 668 
f 1112 425 1410 
f 425 1365 1410 
f 671 1411 921 
f 746 1412 540 
f 691 692 1413 
f 1063 694 1080 
f 322 1224 323 
f 1159 1224 322 
f 1086 1414 385 
f 564 385 388 
f 837 135 134 
f 837 838 145 
f 135 837 145 
f 145 838 168 
f 178 168 838 
f 839 838 1415 
f 702 704 1416 
f 1015 1014 1416 
f 633 760 659 
f 845 1418 846 
f 1418 845 1417 
f 1419 270 227 
f 486 1420 1306 
f 868 867 498 
f 1421 569 568 
f 1177 1422 1178 
f 476 1124 477 
f 1424 543 1423 
f 690 1426 1425 
f 1427 1075 673 
f 491 1075 380 
f 1068 1067 1073 
f 1122 310 1117 
f 1428 1429 641 
f 641 1430 1428 
f 1131 1431 1317 
f 1432 1431 1131 
f 278 1433 1057 
f 375 1434 1038 
f 1435 1196 457 
f 570 572 1435 
f 550 552 1107 
f 718 552 992 
f 1436 393 395 
f 393 1437 1178 
f 808 942 941 
f 1438 808 941 
f 252 1294 1439 
f 1033 1440 1032 
f 240 1232 939 
f 939 1441 240 
f 422 892 1442 
f 421 896 422 
f 246 1273 1272 
f 246 1272 404 
f 1102 1444 1443 
f 391 1443 1444 
f 1144 1140 1445 
f 1156 297 1446 
f 699 701 1447 
f 912 1448 1130 
f 1184 881 880 
f 377 1039 1038 
f 1449 349 348 
f 771 431 1327 
f 934 938 935 
f 775 786 359 
f 1451 1452 1450 
f 1450 1452 1172 
f 1307 989 561 
f 1215 759 680 
f 253 1453 1232 
f 1454 1453 253 
f 582 584 583 
f 583 742 741 
f 1455 1456 1137 
f 1137 1456 1457 
f 217 843 842 
f 219 852 217 
f 1063 1062 694 
f 754 752 1458 
f 1094 1096 478 
f 652 934 936 
f 1459 1460 1293 
f 620 619 1374 
f 923 925 743 
f 295 294 743 
f 725 1461 1174 
f 387 725 388 
f 602 1363 346 
f 1363 428 427 
f 761 436 762 
f 215 1462 849 
f 314 512 724 
f 1216 594 1261 
f 225 1463 223 
f 566 950 952 
f 821 1275 828 
f 975 1464 976 
f 1145 1458 752 
f 711 1465 752 
f 886 1466 1388 
f 1467 1468 1388 
f 906 1436 1469 
f 907 906 1469 
f 1201 1470 276 
f 1033 276 539 
f 1471 1267 668 
f 576 665 577 
f 665 576 1292 
f 1472 683 1310 
f 531 1025 1027 
f 1440 1033 1473 
f 329 538 330 
f 1116 677 1115 
f 7 1115 5 
f 1474 1391 1390 
f 1031 1476 1475 
f 74 287 81 
f 57 287 74 
f 58 287 57 
f 1356 1222 1477 
f 1356 996 1354 
f 1190 1256 598 
f 963 964 1478 
f 463 1263 1262 
f 297 463 1446 
f 684 1369 357 
f 723 220 722 
f 524 768 767 
f 524 523 520 
f 788 1480 1479 
f 593 449 788 
f 1226 1223 1225 
f 440 1481 441 
f 457 635 1482 
f 1043 924 1041 
f 459 1483 1017 
f 1484 640 296 
f 1027 529 531 
f 901 532 900 
f 1326 1325 1322 
f 1322 1449 1326 
f 978 559 1485 
f 261 831 262 
f 1486 854 1168 
f 306 482 304 
f 1361 1360 254 
f 805 1069 1068 
f 1252 879 881 
f 879 1134 1135 
f 954 953 957 
f 222 355 357 
f 1487 1218 371 
f 215 1487 216 
f 484 1488 337 
f 484 337 336 
f 1154 1155 1489 
f 432 346 1151 
f 215 646 533 
f 647 646 1018 
f 247 319 248 
f 319 932 1047 
f 810 1441 939 
f 1150 1149 333 
f 549 1490 31 
f 32 31 1490 
f 231 1353 229 
f 910 231 911 
f 1158 500 623 
f 1064 1491 654 
f 1237 913 380 
f 1237 1305 272 
f 1163 1162 1165 
f 424 426 815 
f 1421 568 1492 
f 1492 568 1197 
f 673 672 1427 
f 1493 1138 490 
f 4 958 960 
f 1279 723 1277 
f 786 775 787 
f 1494 1177 1179 
f 1495 1496 450 
f 1495 214 364 
f 905 1497 340 
f 460 637 1166 
f 442 1343 1014 
f 406 625 407 
f 709 803 1498 
f 612 1149 1150 
f 1499 986 988 
f 1500 1161 780 
f 606 1501 1500 
f 1346 1004 299 
f 1503 1504 1502 
f 1068 806 805 
f 705 1088 1505 
f 1506 1507 1175 
f 1148 511 513 
f 244 1186 710 
f 1508 1434 375 
f 405 407 909 
f 1131 1133 1432 
f 540 747 746 
f 1202 1201 1203 
f 22 1510 1509 
f 23 1510 22 
f 1302 1509 1510 
f 443 445 1511 
f 1230 1512 893 
f 533 646 1513 
f 1514 533 1513 
f 1515 1516 209 
f 209 1517 1515 
f 748 745 744 
f 293 295 1090 
f 1133 1132 1129 
f 910 912 502 
f 1248 387 389 
f 1248 1519 1249 
f 1248 1518 1519 
f 1336 753 752 
f 1336 1046 1335 
f 741 1520 1212 
f 946 1520 741 
f 1521 1454 850 
f 1282 851 850 
f 884 479 882 
f 1097 1522 1098 
f 1523 484 869 
f 869 1288 1524 
f 1526 1061 1525 
f 1527 1525 1061 
f 1253 1254 1255 
f 370 1528 434 
f 483 1488 484 
f 1488 483 988 
f 116 289 115 
f 551 1426 690 
f 878 1250 1251 
f 881 1184 1185 
f 856 1169 857 
f 1169 467 391 
f 308 561 560 
f 561 1308 1307 
f 1529 1530 1019 
f 7 1401 1530 
f 1189 465 464 
f 1531 1189 464 
f 1334 1332 1331 
f 799 686 685 
f 719 1533 1532 
f 397 716 841 
f 808 1438 522 
f 657 658 1052 
f 1078 1258 1324 
f 1257 1325 1324 
f 418 584 586 
f 951 301 1455 
f 429 1410 1365 
f 1110 1109 603 
f 618 1534 697 
f 1081 1535 1534 
f 983 971 970 
f 1485 1536 1297 
f 703 1537 1501 
f 703 1285 1160 
f 816 1239 1475 
f 472 474 1475 
f 330 1135 1134 
f 330 537 915 
f 873 1311 1312 
f 873 872 1310 
f 296 1538 1484 
f 296 1539 1538 
f 1157 1540 1131 
f 1131 1540 1132 
f 1499 265 758 
f 260 262 758 
f 316 766 317 
f 1541 1048 1047 
f 862 864 1542 
f 859 861 1207 
f 560 1464 975 
f 309 308 560 
f 520 523 521 
f 523 809 1300 
f 1543 972 974 
f 961 286 962 
f 1544 284 1408 
f 1313 1408 1315 
f 1236 1238 1204 
f 537 916 915 
f 1043 1371 920 
f 489 488 920 
f 1545 412 1358 
f 1496 1546 450 
f 1546 544 543 
f 757 1174 1461 
f 1461 756 757 
f 1236 913 1237 
f 491 913 492 
f 949 1321 567 
f 973 565 567 
f 1200 676 859 
f 859 1207 1206 
f 1179 1547 1494 
f 1125 776 1126 
f 1029 731 1028 
f 343 1548 1182 
f 807 1414 629 
f 803 708 629 
f 1311 356 579 
f 355 579 356 
f 390 819 820 
f 856 858 1270 
f 177 839 169 
f 170 839 292 
f 839 170 169 
f 840 197 206 
f 840 198 197 
f 292 839 1415 
f 1454 1521 1453 
f 528 1231 749 
f 1113 863 862 
f 70 1113 71 
f 76 1113 70 
f 84 1113 76 
f 88 1113 84 
f 98 863 88 
f 863 1113 88 
f 926 927 793 
f 225 1549 1463 
f 273 381 495 
f 271 273 693 
f 1058 1550 432 
f 280 312 311 
f 1173 905 339 
f 293 339 294 
f 1475 1476 472 
f 1280 885 887 
f 1226 834 1317 
f 1317 834 836 
f 1190 1191 601 
f 598 764 1190 
f 773 348 1551 
f 603 605 1110 
f 1327 431 1328 
f 433 556 431 
f 436 235 236 
f 1462 436 761 
f 234 965 1351 
f 233 965 234 
f 231 230 1448 
f 1448 1447 701 
f 1447 403 699 
f 971 1286 1552 
f 853 471 1169 
f 469 471 853 
f 781 780 212 
f 211 781 212 
f 461 460 1167 
f 1428 1430 1167 
f 729 1361 1553 
f 1553 727 433 
f 948 300 945 
f 1403 945 300 
f 1554 1555 1075 
f 1554 1075 1427 
f 1113 455 1194 
f 1194 455 814 
f 418 420 584 
f 742 583 584 
f 268 507 394 
f 1162 817 1165 
f 353 874 600 
f 1025 1026 902 
f 1099 1098 587 
f 1100 1355 1354 
f 438 341 899 
f 1556 1557 697 
f 909 700 405 
f 1416 985 702 
f 784 1309 855 
f 785 784 481 
f 750 218 1558 
f 218 750 749 
f 1525 1559 1526 
f 1560 1526 1559 
f 1221 995 589 
f 653 1561 589 
f 840 206 201 
f 200 840 201 
f 170 292 146 
f 147 146 292 
f 1107 1108 550 
f 980 1562 439 
f 325 980 1139 
f 490 383 1493 
f 384 383 490 
f 1516 883 1316 
f 1516 1515 883 
f 966 1478 964 
f 966 1008 284 
f 54 42 826 
f 42 41 826 
f 827 826 41 
f 32 1490 39 
f 1349 1563 975 
f 1000 1563 1349 
f 24 822 26 
f 465 1189 765 
f 1445 1564 1144 
f 1421 456 866 
f 1492 456 1421 
f 1034 130 129 
f 142 1034 541 
f 1034 142 130 
f 541 1034 241 
f 398 137 156 
f 398 852 137 
f 138 137 852 
f 1147 1565 1148 
f 223 565 224 
f 532 1339 1092 
f 532 901 1339 
f 1154 1566 1387 
f 1154 1489 1566 
f 1568 1569 1567 
f 1405 1569 449 
f 1569 1405 1567 
f 1407 1400 1570 
f 788 449 789 
f 820 821 969 
f 1 3 1297 
f 1227 542 1571 
f 192 1006 1571 
f 1006 192 187 
f 1572 959 6 
f 1200 351 1572 
f 719 1573 1533 
f 719 991 554 
f 1014 1016 1342 
f 1012 608 607 
f 389 388 705 
f 385 1414 388 
f 1214 216 371 
f 371 216 1487 
f 606 782 1139 
f 1139 1574 606 
f 280 279 312 
f 1575 374 1044 
f 517 516 1091 
f 904 1091 516 
f 1341 1044 318 
f 1341 1575 1044 
f 361 1065 210 
f 209 1281 210 
f 864 1228 1229 
f 166 350 167 
f 1041 1482 1043 
f 1041 865 458 
f 794 641 640 
f 1483 640 1484 
f 920 488 921 
f 994 488 1138 
f 1455 301 715 
f 514 715 301 
f 800 592 591 
f 1576 1402 1333 
f 226 1577 664 
f 1577 226 1578 
f 1577 1578 1579 
f 1581 1498 803 
f 1581 1580 1498 
f 1181 1161 264 
f 263 1181 264 
f 263 612 809 
f 523 1299 809 
f 304 1486 1270 
f 854 1486 304 
f 1161 1501 1537 
f 1501 1161 1500 
f 1078 283 282 
f 557 1274 1077 
f 161 241 1005 
f 241 161 160 
f 1289 241 332 
f 702 1285 703 
f 1286 702 1552 
f 331 1250 1582 
f 1251 1250 331 
f 1304 1024 826 
f 1510 1583 1302 
f 1335 1037 711 
f 1039 377 711 
f 689 992 552 
f 552 551 689 
f 709 1325 1257 
f 1322 1325 1323 
f 162 1005 1007 
f 161 1005 162 
f 825 1303 1302 
f 44 1023 37 
f 549 37 1023 
f 797 1030 1219 
f 1167 797 1428 
f 442 1011 440 
f 442 1342 1011 
f 1293 516 518 
f 1295 274 328 
f 396 1082 1532 
f 184 1082 186 
f 205 1082 202 
f 1082 184 202 
f 178 838 179 
f 763 1584 1254 
f 1254 435 763 
f 610 1585 696 
f 1585 610 899 
f 1067 1362 310 
f 1067 310 1122 
f 743 294 923 
f 338 294 339 
f 796 1029 1030 
f 1030 797 796 
f 865 1040 866 
f 865 866 456 
f 513 1146 1148 
f 1235 1234 596 
f 1246 514 926 
f 301 303 514 
f 737 1388 738 
f 738 1517 243 
f 1542 864 1229 
f 1208 1205 1207 
f 665 1291 666 
f 400 666 1291 
f 926 792 1246 
f 792 1217 1246 
f 379 1465 711 
f 1145 379 613 
f 1000 1172 1170 
f 999 998 1000 
f 1586 1503 1301 
f 1495 364 1587 
f 649 451 1195 
f 450 814 1588 
f 343 1589 519 
f 1373 617 616 
f 254 1590 255 
f 1590 254 1360 
f 1530 1529 1021 
f 1591 1019 1021 
f 1592 1593 1066 
f 1593 1594 1066 
f 1595 681 1594 
f 681 1066 1594 
f 1066 1596 1592 
f 1231 416 940 
f 940 416 941 
f 103 1337 104 
f 100 650 99 
f 714 419 1137 
f 947 946 419 
f 1432 1597 1128 
f 1128 1597 1129 
f 801 1003 1598 
f 590 592 1345 
f 1389 349 228 
f 349 1449 1322 
f 505 1065 654 
f 503 505 654 
f 758 986 1499 
f 986 758 989 
f 1199 860 859 
f 677 1116 678 
f 1534 1535 324 
f 324 1535 655 
f 1599 392 508 
f 508 1444 1102 
f 804 1600 805 
f 1257 1600 707 
f 564 1507 1543 
f 1175 1507 564 
f 1601 545 1264 
f 1423 685 687 
f 618 620 251 
f 251 1459 1295 
f 1044 376 1045 
f 1045 376 1335 
f 1175 1602 724 
f 1602 411 315 
f 538 329 1473 
f 503 1582 504 
f 1271 1603 968 
f 1603 858 820 
f 614 879 1136 
f 879 378 880 
f 1102 906 907 
f 906 1604 778 
f 1099 363 1316 
f 363 362 1316 
f 955 578 956 
f 1605 1606 257 
f 895 1230 896 
f 485 334 333 
f 1524 1523 869 
f 1089 747 1201 
f 1201 747 540 
f 1607 1608 633 
f 1608 1609 633 
f 1610 760 1609 
f 760 633 1609 
f 633 632 1607 
f 773 1327 774 
f 1551 1327 773 
f 288 290 289 
f 812 78 290 
f 78 812 75 
f 290 86 90 
f 86 290 78 
f 290 90 106 
f 75 812 60 
f 59 60 812 
f 581 1471 1265 
f 577 956 578 
f 851 124 123 
f 1073 1611 1074 
f 1073 1067 1122 
f 819 392 1599 
f 1275 819 1599 
f 456 1492 457 
f 457 1492 1435 
f 949 1612 1320 
f 952 586 585 
f 433 727 1176 
f 433 1176 557 
f 931 382 572 
f 1196 1435 572 
f 468 1547 1179 
f 1547 468 467 
f 439 1562 327 
f 1531 1187 1188 
f 668 670 1312 
f 668 1265 1471 
f 1613 1279 960 
f 1613 959 221 
f 1098 1522 1093 
f 653 588 1093 
f 291 118 651 
f 118 291 117 
f 288 291 651 
f 367 1614 365 
f 1495 1264 1496 
f 706 1505 1073 
f 1505 706 705 
f 321 320 1539 
f 298 1156 321 
f 970 402 967 
f 1272 402 404 
f 1241 1481 440 
f 1223 323 1224 
f 1559 867 1560 
f 1560 867 1017 
f 645 647 1278 
f 1020 1276 1278 
f 317 768 522 
f 317 766 768 
f 1549 225 1233 
f 1147 1233 225 
f 546 548 443 
f 259 1035 546 
f 555 1616 553 
f 1616 555 1615 
f 1243 1615 555 
f 1243 1394 1615 
f 715 258 1457 
f 257 1193 258 
f 1509 9 8 
f 22 1509 16 
f 16 1509 8 
f 590 1345 893 
f 590 893 1512 
f 313 410 1617 
f 411 410 313 
f 904 1319 733 
f 904 903 734 
f 1212 740 1214 
f 371 373 1214 
f 695 1145 613 
f 271 693 695 
f 799 548 798 
f 548 1350 798 
f 1618 1291 1290 
f 1173 1619 1091 
f 339 1619 1173 
f 698 341 1372 
f 619 1372 1373 
f 763 435 1218 
f 371 1218 435 
f 335 1205 1208 
f 1205 679 681 
f 1555 496 495 
f 1555 1554 496 
f 272 614 1136 
f 272 1136 914 
f 635 1371 1043 
f 1043 1482 635 
f 1153 1348 1059 
f 1153 432 1151 
f 1369 722 220 
f 533 1514 1245 
f 1261 1620 1259 
f 313 888 314 
f 314 888 1621 
f 228 227 1389 
f 266 227 267 
f 660 659 1306 
f 1306 659 1307 
f 438 981 980 
f 438 1384 981 
f 1248 389 1518 
f 1622 1518 389 
f 1622 389 1623 
f 1623 389 1624 
f 1624 389 706 
f 596 595 1235 
f 1217 791 1480 
f 1300 811 808 
f 808 811 942 
f 306 562 1222 
f 1222 1221 1220 
f 1452 1451 507 
f 506 1171 507 
f 638 1626 1625 
f 638 710 1626 
f 931 571 928 
f 674 919 675 
f 1627 1003 1002 
f 1502 1504 1346 
f 525 1180 523 
f 622 1180 1142 
f 1028 1548 1029 
f 1029 1548 343 
f 1283 460 459 
f 637 460 1283 
f 1485 829 978 
f 1297 829 1485 
f 1353 231 910 
f 363 1101 910 
f 1243 990 992 
f 1399 1628 1243 
f 1628 1399 1398 
f 434 583 372 
f 372 1213 1212 
f 735 1364 427 
f 1386 735 917 
f 1385 311 1060 
f 1058 311 1385 
f 790 1104 1106 
f 1035 1106 547 
f 248 319 1047 
f 755 248 1047 
f 424 736 425 
f 473 933 736 
f 1409 232 234 
f 1315 232 1409 
f 335 1209 336 
f 1227 870 871 
f 688 993 689 
f 1400 1404 1104 
f 907 1450 998 
f 1469 1450 907 
f 1057 1626 710 
f 1508 710 1186 
f 1053 1052 1051 
f 1520 946 1403 
f 1403 946 945 
f 1569 789 449 
f 789 1104 790 
f 1575 312 279 
f 310 312 1575 
f 358 1422 1177 
f 477 358 475 
f 859 1206 1200 
f 1383 1206 239 
f 1383 1629 1206 
f 1630 1206 1629 
f 1630 1379 1206 
f 1200 1206 1379 
f 480 884 1367 
f 480 1367 652 
f 1006 1298 1571 
f 1005 1287 1006 
f 192 542 191 
f 542 192 1571 
f 191 542 194 
f 732 1497 905 
f 1166 795 1167 
f 1190 600 876 
f 600 874 876 
f 1416 704 1015 
f 704 703 534 
f 449 1631 1406 
f 449 448 1631 
f 1392 1243 1628 
f 404 230 246 
f 1447 1448 230 
f 267 506 268 
f 1632 269 1001 
f 1633 539 538 
f 1473 1633 538 
f 1424 1423 687 
f 687 688 690 
f 437 236 1092 
f 532 1092 236 
f 701 1634 1448 
f 909 1634 701 
f 823 1583 1510 
f 823 23 28 
f 1510 23 823 
f 277 739 738 
f 1155 739 1625 
f 322 655 1159 
f 655 322 324 
f 785 1561 653 
f 785 1220 1221 
f 606 1574 607 
f 1384 438 607 
f 497 691 1210 
f 1210 691 1079 
f 803 1635 1581 
f 803 1638 1639 
f 629 1636 1637 
f 803 629 1637 
f 1638 803 1637 
f 803 1639 1635 
f 1636 629 628 
f 1351 876 875 
f 872 1352 875 
f 948 421 423 
f 421 713 896 
f 540 1412 493 
f 491 493 671 
f 502 912 1129 
f 1130 1129 912 
f 767 321 1156 
f 767 1445 1140 
f 784 1640 935 
f 935 1640 1094 
f 501 1064 1065 
f 910 501 1065 
f 974 962 1543 
f 962 974 599 
f 1027 901 900 
f 901 1027 902 
f 307 1001 486 
f 486 1001 269 
f 730 1553 433 
f 730 729 1553 
f 1477 1641 1356 
f 563 1641 562 
f 276 275 1089 
f 1089 1642 1090 
f 746 748 744 
f 921 1411 744 
f 1532 1082 1084 
f 1532 717 719 
f 537 539 1202 
f 276 1470 539 
f 1643 780 1181 
f 212 780 1643 
f 422 1442 299 
f 1345 299 894 
f 34 1194 35 
f 1113 1194 73 
f 1113 73 71 
f 1207 1542 1208 
f 861 1542 1207 
f 1416 1014 406 
f 1014 1343 406 
f 667 399 1315 
f 1409 1266 1315 
f 40 827 41 
f 427 1365 735 
f 1365 427 429 
f 852 398 397 
f 217 852 397 
f 774 558 281 
f 1329 1328 558 
f 1129 1132 502 
f 502 1132 1540 
f 1114 1116 453 
f 861 860 1114 
f 257 259 1605 
f 546 1605 259 
f 353 601 354 
f 1092 354 437 
f 1186 1434 1508 
f 1434 1186 1184 
f 828 1644 978 
f 1645 1644 828 
f 1437 1125 1127 
f 906 777 1436 
f 982 261 621 
f 982 983 261 
f 943 643 642 
f 462 943 944 
f 1148 1565 1268 
f 511 1148 1506 
f 1354 996 997 
f 1353 1354 997 
f 211 1189 326 
f 765 1189 211 
f 1095 783 653 
f 1093 1095 653 
f 1460 1459 1374 
f 1460 616 734 
f 590 1512 445 
f 1646 1511 445 
f 105 290 106 
f 94 1425 1426 
f 87 1425 94 
f 87 89 1425 
f 1506 1175 511 
f 724 511 1175 
f 1475 476 1031 
f 1240 476 1475 
f 1647 1502 366 
f 1301 1647 1587 
f 1077 1076 557 
f 557 1330 556 
f 1137 712 714 
f 1457 712 1137 
f 1 1297 970 
f 1297 1536 970 
f 680 337 1488 
f 679 337 680 
f 1117 1649 1118 
f 1341 1649 1117 
f 1648 1649 1341 
f 1341 1650 1648 
f 1378 1650 1341 
f 1061 1063 1527 
f 1080 1527 1063 
f 637 338 340 
f 1166 637 340 
f 368 1320 369 
f 1320 1612 582 
f 609 1192 610 
f 438 1192 609 
f 1345 1347 299 
f 1003 1345 592 
f 375 278 1508 
f 278 375 279 
f 20 51 822 
f 20 822 24 
f 822 1359 826 
f 458 1482 1041 
f 1482 458 457 
f 835 1225 1224 
f 1224 1159 835 
f 1446 463 465 
f 1564 1156 1446 
f 815 1164 1239 
f 1240 818 1123 
f 942 1232 940 
f 940 1232 1453 
f 429 603 1109 
f 772 603 429 
f 1168 856 1486 
f 1270 1486 856 
f 587 995 1356 
f 1356 995 1222 
f 217 842 847 
f 554 847 842 
f 1307 759 1215 
f 759 1307 659 
f 963 598 1256 
f 598 963 962 
f 173 396 174 
f 396 173 1082 
f 173 186 1082 
f 133 837 134 
f 705 1414 807 
f 705 388 1414 
f 353 902 1026 
f 352 902 353 
f 1191 1190 1584 
f 1584 763 762 
f 347 1112 1109 
f 1111 1112 347 
f 1018 1021 1019 
f 1021 215 450 
f 608 1012 536 
f 536 535 608 
f 677 5 1115 
f 958 4 6 
f 1296 1295 328 
f 1440 1439 1032 
f 1652 953 1651 
f 1653 1200 1382 
f 1654 1200 1653 
f 1654 1655 953 
f 1656 953 1655 
f 1651 953 1656 
f 953 1200 1654 
f 1530 1401 1019 
f 1020 1019 1276 
f 650 103 99 
f 103 650 1337 
f 91 92 1337 
f 91 1337 650 
f 650 109 91 
f 553 890 847 
f 1657 553 1658 
f 1657 890 553 
f 1658 553 1616 
f 426 1111 1165 
f 1111 426 425 
f 208 243 209 
f 209 243 1517 
f 272 914 1237 
f 1237 914 916 
f 1286 1284 1285 
f 1286 1285 702 
f 718 1107 552 
f 717 1107 718 
f 273 1305 380 
f 380 1305 1237 
f 1138 1493 1427 
f 930 929 1427 
f 1067 1069 1360 
f 1360 1069 1590 
f 675 494 496 
f 1210 494 675 
f 359 934 652 
f 938 934 359 
f 1488 987 680 
f 988 987 1488 
f 933 473 886 
f 1388 1468 886 
f 973 368 599 
f 599 368 1255 
f 671 673 491 
f 491 673 1075 
f 547 1106 1105 
f 1350 1105 1103 
f 905 733 732 
f 905 1173 733 
f 989 1215 986 
f 1215 989 1307 
f 302 951 950 
f 223 1463 950 
f 855 854 482 
f 304 482 854 
f 586 951 1455 
f 952 951 586 
f 711 753 1335 
f 1335 753 1336 
f 876 964 1256 
f 963 1256 964 
f 682 234 1351 
f 682 669 234 
f 1659 720 1245 
f 720 1659 529 
f 634 384 490 
f 382 384 634 
f 1287 1005 1288 
f 1005 241 1289 
f 1248 756 1461 
f 1661 756 1248 
f 1660 756 1661 
f 1660 1357 756 
f 921 994 671 
f 488 994 921 
f 1140 1142 524 
f 767 1140 524 
f 954 580 355 
f 579 355 580 
f 483 1149 988 
f 988 1149 1499 
f 917 1387 1386 
f 1387 1467 1388 
f 624 833 1317 
f 1317 833 1226 
f 1160 1537 703 
f 1537 1160 1161 
f 1306 1420 660 
f 226 1419 227 
f 1478 284 286 
f 284 1478 966 
f 878 1185 244 
f 1251 1185 878 
f 394 1162 268 
f 266 268 1162 
f 595 1216 1479 
f 1260 593 1216 
f 593 1260 1662 
f 454 1663 648 
f 1663 1530 648 
f 1219 1428 797 
f 1428 1219 342 
f 901 352 1338 
f 1092 1338 352 
f 847 846 217 
f 217 846 218 
f 265 264 260 
f 265 260 758 
f 1600 1258 255 
f 805 1600 255 
f 851 126 125 
f 126 1282 127 
f 1282 126 851 
f 1586 1504 1503 
f 1346 1504 1586 
f 1242 1556 1534 
f 697 1534 1556 
f 1665 239 681 
f 237 239 1665 
f 1666 1664 681 
f 1665 681 1664 
f 681 239 1205 
f 1227 1667 1229 
f 871 1667 1227 
f 495 1668 273 
f 1413 1668 495 
f 949 566 952 
f 949 952 1612 
f 1236 1203 540 
f 540 1203 1201 
f 881 1251 1252 
f 1185 1251 881 
f 1560 1484 1538 
f 320 1538 1539 
f 403 971 1552 
f 971 403 402 
f 305 1273 563 
f 1271 968 1273 
f 341 1669 899 
f 899 1557 1556 
f 896 893 892 
f 892 422 896 
f 1670 412 1545 
f 408 412 1670 
f 714 947 419 
f 948 947 714 
f 1337 108 104 
f 108 1337 651 
f 108 651 119 
f 119 651 118 
f 518 1295 1293 
f 1293 1295 1459 
f 818 393 1123 
f 1178 1123 393 
f 656 250 252 
f 252 1439 1440 
f 1165 1671 426 
f 1164 1671 1165 
f 1413 1080 693 
f 1527 1080 1413 
f 1499 612 265 
f 1149 612 1499 
f 1157 836 835 
f 1131 1318 1157 
f 462 944 342 
f 1429 944 641 
f 515 790 1035 
f 1106 1035 790 
f 590 444 591 
f 1576 444 1402 
f 210 505 877 
f 505 504 877 
f 497 1198 568 
f 1198 497 1210 
f 1310 872 1472 
f 875 1472 872 
f 522 768 520 
f 768 524 520 
f 537 1204 1238 
f 1202 1204 537 
f 853 937 469 
f 786 469 937 
f 306 1220 481 
f 1220 306 1222 
f 314 1620 1261 
f 1621 1620 314 
f 314 1261 512 
f 477 1124 1178 
f 1123 1178 1124 
f 641 461 1430 
f 1430 461 1167 
f 440 696 897 
f 440 1011 696 
f 1193 712 1457 
f 258 1193 1457 
f 210 1281 361 
f 361 1281 362 
f 578 1672 573 
f 1672 955 1673 
f 955 1672 578 
f 1464 560 978 
f 560 559 978 
f 1198 1211 570 
f 570 1211 675 
f 441 832 1343 
f 625 406 1343 
f 1625 1626 1152 
f 1625 1152 1155 
f 880 1038 1184 
f 1184 1038 1434 
f 220 357 1369 
f 357 220 222 
f 634 1196 382 
f 572 382 1196 
f 1674 400 1675 
f 400 1674 401 
f 1674 1087 401 
f 400 1677 1676 
f 1232 942 939 
f 939 942 811 
f 1578 1678 1579 
f 1254 1584 597 
f 597 1255 1254 
f 1552 984 403 
f 984 1552 702 
f 503 656 1473 
f 1582 503 1473 
f 866 868 1421 
f 569 1421 868 
f 838 180 179 
f 1083 199 180 
f 838 1083 180 
f 199 1083 205 
f 1082 205 1083 
f 840 1083 838 
f 1086 630 629 
f 1086 1085 630 
f 1086 629 1414 
f 1596 760 1610 
f 1066 760 1596 
f 760 1066 680 
f 624 1432 407 
f 1128 407 1432 
f 1427 672 1138 
f 1138 672 994 
f 565 1565 224 
f 565 972 1269 
f 1373 519 1589 
f 1373 1372 519 
f 1179 1126 468 
f 1126 1179 1178 
f 1423 1601 685 
f 1264 1334 1601 
f 1266 1267 1679 
f 577 1679 1267 
f 1520 740 1212 
f 740 1520 1403 
f 286 285 386 
f 1543 386 564 
f 1580 1680 1498 
f 1498 1681 1578 
f 1578 1681 1678 
f 1681 1498 1680 
f 802 1323 1498 
f 1368 1366 1367 
f 1368 1367 1390 
f 382 931 383 
f 383 931 930 
f 1332 367 1002 
f 1334 367 1332 
f 390 857 391 
f 391 857 1169 
f 882 479 1097 
f 882 1097 1316 
f 356 684 357 
f 684 356 1311 
f 434 1528 582 
f 582 369 1320 
f 289 114 292 
f 292 136 148 
f 136 292 114 
f 116 114 289 
f 288 289 292 
f 849 761 1218 
f 761 849 1462 
f 1103 687 686 
f 1103 686 1350 
f 920 925 1043 
f 922 925 920 
f 652 478 480 
f 936 478 652 
f 62 287 64 
f 29 30 287 
f 814 287 30 
f 287 62 47 
f 29 287 47 
f 446 1662 1682 
f 593 1662 446 
f 447 446 1682 
f 1418 218 846 
f 1683 218 1418 
f 218 1683 1558 
f 554 1573 719 
f 842 1344 554 
f 424 473 736 
f 474 473 424 
f 1099 1355 1100 
f 1100 363 1099 
f 639 1262 640 
f 639 943 1262 
f 1634 909 1128 
f 1128 909 407 
f 687 690 1424 
f 1425 1424 690 
f 1052 1438 415 
f 522 1438 1052 
f 965 233 966 
f 1008 966 1009 
f 1303 825 549 
f 549 825 827 
f 1115 1663 454 
f 1115 454 453 
f 975 309 560 
f 307 309 975 
f 1626 1348 1152 
f 1348 1626 1057 
f 887 1474 1280 
f 1390 1280 1474 
f 771 604 772 
f 604 603 772 
f 466 1443 391 
f 1604 1443 466 
f 275 518 517 
f 1090 1642 517 
f 385 1314 1086 
f 1314 385 1544 
f 1302 1304 825 
f 1304 1302 1583 
f 1310 1311 873 
f 1311 1310 684 
f 1562 980 325 
f 325 327 1562 
f 325 781 326 
f 781 211 326 
f 1 821 2 
f 828 2 821 
f 249 1061 1526 
f 1061 249 1062 
f 622 1141 213 
f 765 213 1143 
f 807 708 707 
f 629 708 807 
f 752 755 1336 
f 1047 1336 755 
f 1158 1491 1064 
f 1491 1158 835 
f 97 863 98 
f 111 863 96 
f 132 350 111 
f 350 863 111 
f 863 97 96 
f 1605 546 443 
f 1605 443 1511 
f 889 313 1685 
f 1684 1685 313 
f 1684 313 1617 
f 1273 246 563 
f 997 563 246 
f 828 1275 1645 
f 1599 1645 1275 
f 254 727 1361 
f 1553 1361 727 
f 1496 1264 544 
f 1496 544 1546 
f 522 658 317 
f 1052 658 522 
f 437 354 601 
f 436 437 601 
f 1646 1230 1606 
f 1606 1230 895 
f 812 290 288 
f 450 812 288 
f 351 954 222 
f 355 222 954 
f 450 214 1495 
f 215 214 450 
f 682 873 670 
f 1312 670 873 
f 1551 348 1110 
f 347 1110 348 
f 969 968 820 
f 820 968 1603 
f 1661 1248 1686 
f 1247 1686 1248 
f 676 1572 677 
f 1572 676 1200 
f 472 887 886 
f 1474 887 472 
f 723 645 1278 
f 1277 723 1278 
f 570 919 571 
f 928 571 919 
f 155 398 156 
f 398 154 396 
f 154 398 155 
f 694 1062 754 
f 249 754 1062 
f 496 1554 929 
f 1427 929 1554 
f 984 985 700 
f 700 985 1416 
f 1057 1508 278 
f 710 1508 1057 
f 678 1116 860 
f 1114 860 1116 
f 507 1451 395 
f 1436 395 1451 
f 885 1515 1517 
f 883 1515 885 
f 1356 1355 587 
f 587 1355 1099 
f 809 1299 263 
f 263 1299 1180 
f 241 1034 242 
f 242 1034 253 
f 1229 1208 1542 
f 1209 1208 1229 
f 1408 1313 1544 
f 1544 1313 1314 
f 618 698 619 
f 1372 619 698 
f 1448 911 231 
f 911 1448 912 
f 315 314 724 
f 315 724 1602 
f 1090 748 1089 
f 745 748 1090 
f 734 1183 904 
f 1183 734 615 
f 1246 790 515 
f 515 514 1246 
f 1588 814 1195 
f 455 1195 814 
f 1117 1575 1341 
f 1575 1117 310 
f 1182 1028 733 
f 1548 1028 1182 
f 970 830 983 
f 261 983 830 
f 1017 1484 1560 
f 1017 1483 1484 
f 280 311 1058 
f 280 1433 278 
f 434 1253 370 
f 435 1253 434 
f 764 597 1584 
f 1190 764 1584 
f 262 559 758 
f 262 1485 559 
f 1145 1465 379 
f 1465 1145 752 
f 1388 1517 738 
f 1388 1466 1517 
f 281 1324 1326 
f 281 1326 1449 
f 1042 924 636 
f 636 924 923 
f 1312 1265 668 
f 1265 1312 579 
f 1366 360 652 
f 475 358 360 
f 1512 1646 445 
f 1230 1646 1512 
f 1501 779 703 
f 1501 535 779 
f 1531 327 1189 
f 327 1531 1188 
f 486 270 1419 
f 269 270 486 
f 1387 737 1154 
f 1154 737 739 
f 318 657 1341 
f 657 318 317 
f 972 1543 1507 
f 972 1507 1268 
f 771 1551 604 
f 1327 1551 771 
f 1432 1133 1597 
f 1129 1597 1133 
f 1412 1411 671 
f 671 493 1412 
f 1669 341 697 
f 698 697 341 
f 272 271 613 
f 695 613 271 
f 432 1550 1385 
f 1385 1550 1058 
f 1441 1687 332 
f 1150 1687 1441 
f 900 529 1027 
f 529 900 720 
f 124 851 125 
f 293 1619 339 
f 1091 1619 293 
f 1690 1104 1689 
f 1689 1104 1688 
f 1400 1104 1690 
f 1400 1690 1691 
f 1400 1691 1570 
f 1688 1104 1568 
f 1569 1568 1104 
f 1104 789 1569 
f 450 1546 813 
f 543 813 1546 
f 775 1177 1494 
f 1177 775 358 
f 863 350 864 
f 864 350 1228 
f 1542 861 862 
f 862 861 1114 
f 950 1463 302 
f 927 302 1463 
f 1335 1046 1045 
f 1045 1046 1048 
f 1534 618 1081 
f 251 1081 618 
f 535 1501 606 
f 606 608 535 
f 1443 1604 1102 
f 1102 1604 906 
f 165 164 1228 
f 195 542 176 
f 542 1228 176 
f 176 1228 164 
f 350 166 1228 
f 1228 166 165 
f 1295 1294 251 
f 1294 252 251 
f 615 1589 343 
f 1182 615 343 
f 1241 323 1223 
f 323 1241 324 
f 1217 788 790 
f 1480 788 1217 
f 566 565 223 
f 950 566 223 
f 973 567 1321 
f 368 973 1321 
f 1000 998 1172 
f 1172 998 1450 
f 266 1389 227 
f 347 1389 266 
f 1576 1333 800 
f 800 1333 1332 
f 894 299 1442 
f 892 894 1442 
f 1316 362 1516 
f 209 1516 362 
f 877 504 1250 
f 1250 504 1582 
f 1188 439 327 
f 439 1188 643 
f 1494 1547 470 
f 467 470 1547 
f 1017 1040 459 
f 1283 459 1040 
f 6 677 1572 
f 677 6 5 
f 1324 283 1078 
f 281 283 1324 
f 1325 709 1323 
f 1498 1323 709 
f 121 551 141 
f 551 121 1426 
f 1426 121 120 
f 141 551 152 
f 1426 110 112 
f 120 110 1426 
f 729 1362 1360 
f 1360 1362 1067 
f 464 1187 1531 
f 464 642 644 
f 1007 163 162 
f 163 1007 175 
f 196 175 1007 
f 1007 188 196 
f 1677 400 1692 
f 832 441 1226 
f 1226 441 1481 
f 225 224 1147 
f 1565 1147 224 
f 1137 418 1455 
f 586 1455 418 
f 1566 1489 345 
f 1387 1566 345 
f 1047 932 1541 
f 767 1541 932 
f 1180 525 1142 
f 1142 525 524 
f 715 1456 1455 
f 1457 1456 715 
f 240 332 241 
f 332 240 1441 
f 1181 1370 1643 
f 1180 1370 1181 
f 970 969 1 
f 1 969 821 
f 102 650 101 
f 636 1283 1042 
f 1042 1283 1040 
f 1386 1364 735 
f 1363 1364 918 
f 453 1113 1114 
f 453 455 1113 
f 1060 728 730 
f 430 728 1060 
f 1400 993 688 
f 1399 993 1400 
f 1267 1471 577 
f 577 1471 581 
f 968 967 1272 
f 1272 967 402 
f 1390 1367 884 
f 1390 884 883 
f 1094 936 935 
f 478 936 1094 
f 139 850 140 
f 1103 1404 688 
f 688 1404 1400 
f 1258 1600 1257 
f 1257 1324 1258 
f 1411 1412 746 
f 746 744 1411 
f 609 1013 607 
f 607 1013 1012 
f 940 1453 1231 
f 749 1231 1453 
f 1170 1171 506 
f 1170 1632 1001 
f 1549 1233 793 
f 791 793 1233 
f 1038 880 377 
f 377 880 378 
f 1026 874 353 
f 875 874 1026 
f 852 219 850 
f 850 219 1521 
f 820 858 390 
f 858 857 390 
f 308 487 1306 
f 1306 487 486 
f 1641 563 996 
f 1356 1641 996 
f 324 1242 1534 
f 324 1241 1242 
f 1221 589 1561 
f 1221 1561 785 
f 387 1461 725 
f 1461 387 1248 
f 665 667 1266 
f 1315 1266 667 
f 1271 1273 305 
f 305 304 1271 
f 614 378 879 
f 378 614 379 
f 1078 1274 256 
f 282 1274 1078 
f 226 660 1420 
f 633 660 226 
f 1236 492 913 
f 540 492 1236 
f 1480 791 1235 
f 1233 1235 791 
f 569 498 497 
f 868 498 569 
f 375 1039 1037 
f 711 1037 1039 
f 1238 916 537 
f 916 1238 1237 
f 531 683 1472 
f 683 531 530 
f 399 1010 400 
f 1010 399 667 
f 421 948 713 
f 714 713 948 
f 1463 1549 927 
f 793 927 1549 
f 624 1431 1432 
f 1317 1431 624 
f 1402 548 799 
f 548 1402 443 
f 534 536 1016 
f 1342 1016 536 
f 1225 834 1226 
f 834 1225 835 
f 1574 1139 979 
f 1139 980 979 
f 1532 716 396 
f 716 1532 841 
f 1156 1445 767 
f 1564 1445 1156 
f 1453 1521 749 
f 219 749 1521 
f 1088 806 1068 
f 806 1088 807 
f 405 1416 406 
f 1416 405 700 
f 1264 1495 1614 
f 1264 1614 367 
f 468 1126 776 
f 466 468 776 
f 707 804 807 
f 1600 804 707 
f 1524 1288 1289 
f 1289 1288 1005 
f 757 411 1602 
f 411 757 412 
f 294 338 923 
f 923 338 636 
f 392 1444 508 
f 1444 392 391 
f 365 1587 366 
f 366 1587 1647 
f 769 640 1262 
f 1262 1263 769 
f 602 428 1363 
f 772 428 602 
f 732 795 1166 
f 795 732 796 
f 1255 370 1253 
f 370 1255 368 
f 827 1490 549 
f 1490 827 39 
f 39 827 40 
f 743 922 744 
f 925 922 743 
f 1002 1346 1627 
f 1003 1627 1346 
f 499 1525 1527 
f 1525 499 770 
f 1331 685 1334 
f 685 1601 1334 
f 251 620 1459 
f 1374 1459 620 
f 1527 692 499 
f 1413 692 1527 
f 1090 295 745 
f 743 745 295 
f 337 679 335 
f 335 679 1205 
f 1413 1079 691 
f 495 1079 1413 
f 346 1489 1155 
f 346 345 1489 
f 254 256 726 
f 726 256 1274 
f 386 1543 286 
f 286 1543 962 
f 1093 1096 1094 
f 1096 1093 1522 
f 1573 1344 841 
f 1344 1573 554 
f 1440 1473 656 
f 252 1440 656 
f 419 742 420 
f 584 420 742 
f 439 643 462 
f 943 462 643 
f 83 543 1425 
f 83 1425 89 
f 543 83 82 
f 543 1424 1425 
f 1157 1318 836 
f 836 1318 1317 
f 336 1209 1667 
f 1229 1667 1209 
f 1526 247 249 
f 247 1526 1560 
f 850 1454 1282 
f 1282 1454 253 
f 1016 1015 534 
f 534 1015 704 
f 1683 1418 1693 
f 1693 1418 1417 
f 992 1399 1243 
f 993 1399 992 
f 694 1458 1145 
f 754 1458 694 
f 655 1535 250 
f 1535 1081 250 
f 1306 1308 308 
f 308 1308 561 
f 1331 799 685 
f 1331 1333 799 
f 215 848 1487 
f 1218 1487 848 
f 1368 1391 1031 
f 1476 1031 1391 
f 303 926 514 
f 927 926 303 
f 562 1641 1477 
f 1477 1222 562 
f 1022 1509 1302 
f 11 1509 1022 
f 1509 11 9 
f 1020 1278 647 
f 1018 1020 647 
f 800 591 1576 
f 1576 591 444 
f 975 977 1349 
f 999 1349 977 
f 838 837 1415 
f 292 1415 837 
f 1164 818 1240 
f 817 818 1164 
f 1068 1505 1088 
f 1073 1505 1068 
f 898 1585 899 
f 1585 898 696 
f 1270 1603 1271 
f 858 1603 1270 
f 244 208 878 
f 243 208 244 
f 1146 513 596 
f 594 596 513 
f 783 1640 784 
f 1094 1640 783 
f 1423 543 545 
f 1601 1423 545 
f 495 381 1555 
f 1075 1555 381 
f 1197 1435 1492 
f 1435 1197 570 
f 1102 908 508 
f 508 908 509 
f 220 1279 221 
f 1613 221 1279 
f 1166 340 1497 
f 1166 1497 732 
f 269 267 227 
f 267 269 1632 
f 668 1409 669 
f 234 669 1409 
f 1588 1195 451 
f 451 450 1588 
f 142 541 143 
f 158 143 541 
f 621 1284 982 
f 982 1284 1286 
f 1564 765 1144 
f 1143 1144 765 
f 693 1668 1413 
f 273 1668 693 
f 915 1135 330 
f 1136 1135 915 
f 1522 1097 479 
f 1522 479 1096 
f 351 221 959 
f 351 959 1572 
f 1298 870 1571 
f 1571 870 1227 
f 623 1540 1157 
f 1540 623 502 
f 36 56 1194 
f 56 73 1194 
f 36 1194 34 
f 1004 1586 1301 
f 1586 1004 1346 
f 844 847 891 
f 957 580 954 
f 580 957 956 
f 910 1101 1353 
f 1353 1101 1100 
f 1391 1474 1476 
f 472 1476 1474 
f 1008 232 1408 
f 284 1008 1408 
f 296 298 1539 
f 321 1539 298 
f 907 999 509 
f 977 509 999 
f 585 582 1612 
f 585 1612 952 
f 648 649 454 
f 649 455 454 
f 738 245 277 
f 243 245 738 
f 869 1298 1287 
f 1287 1298 1006 
f 665 1679 577 
f 1266 1679 665 
f 706 1696 1624 
f 1696 706 1695 
f 706 1694 1695 
f 1073 1694 706 
f 1072 1694 1073 
f 1077 282 558 
f 282 1077 1274 
f 1235 595 1480 
f 1479 1480 595 
f 1006 203 207 
f 190 1006 187 
f 1006 190 203 
f 1006 207 204 
f 188 1006 189 
f 1006 188 1007 
f 189 1006 204 
f 1652 955 953 
f 1697 955 1652 
f 1697 1698 955 
f 955 1698 1699 
f 955 1699 1673 
f 1011 1342 1012 
f 536 1012 1342 
f 1252 1134 879 
f 1134 1252 331 
f 348 773 1449 
f 1449 773 281 
f 1530 452 648 
f 452 1530 1021 
f 1093 588 1098 
f 587 1098 588 
f 1634 1130 1448 
f 1128 1130 1634 
f 334 485 1524 
f 1289 334 1524 
f 1300 521 523 
f 808 521 1300 
f 1035 1036 515 
f 1036 1035 259 
f 1343 832 625 
f 624 625 832 
f 1613 960 958 
f 958 959 1613 
f 1214 373 1212 
f 1212 373 372 
f 1293 1460 903 
f 734 903 1460 
f 393 817 394 
f 817 1162 394 
f 1022 1303 1023 
f 549 1023 1303 
f 27 823 28 
f 1536 1485 831 
f 1485 262 831 
f 369 1528 370 
f 582 1528 369 
f 897 1556 1242 
f 1556 897 899 
f 1598 592 801 
f 592 1598 1003 
f 1589 617 1373 
f 1589 615 617 
f 853 1168 854 
f 1169 1168 853 
f 805 1590 1069 
f 255 1590 805 
f 1643 1370 622 
f 1643 622 212 
f 1436 777 1125 
f 776 1125 777 
f 1502 1647 1503 
f 1503 1647 1301 
f 1309 937 853 
f 937 1309 935 
f 1565 1269 1268 
f 1269 1565 565 
f 886 1468 933 
f 917 933 1468 
f 360 1366 475 
f 475 1366 1368 
f 728 430 729 
f 729 430 310 
f 517 1642 275 
f 1089 275 1642 
f 1240 1239 1164 
f 1475 1239 1240 
f 917 1467 1387 
f 1468 1467 917 
f 1473 1033 1633 
f 539 1633 1033 
f 607 1574 1384 
f 979 1384 1574 
f 1127 1178 1437 
f 1178 1127 1126 
f 1700 1122 1121 
f 1611 1122 1702 
f 1122 1611 1073 
f 1702 1122 1701 
f 1700 1701 1122 
f 328 1032 1296 
f 1032 328 276 
f 841 1533 1573 
f 1532 1533 841 
f 1150 810 809 
f 1441 810 1150 
f 1301 1587 364 
f 216 1301 364 
f 286 961 1478 
f 1478 961 963 
f 1109 1410 429 
f 1410 1109 1112 
f 1021 1529 1591 
f 1591 1529 1019 
f 1451 1469 1436 
f 1450 1469 1451 
f 336 871 869 
f 1667 871 336 
f 928 674 929 
f 919 674 928 
f 794 1483 459 
f 640 1483 794 
f 860 1199 678 
f 678 1199 676 
f 1352 1351 875 
f 1351 1352 682 
f 528 1703 1704 
f 528 751 1703 
f 528 1705 526 
f 528 1704 1705 
f 992 990 718 
f 718 990 719 
f 1666 681 1595 
f 232 1009 233 
f 966 233 1009 
f 404 403 1447 
f 1447 230 404 
f 1350 548 547 
f 1105 1350 547 
f 1359 66 67 
f 822 51 1359 
f 66 1359 50 
f 50 1359 51 
f 941 415 1438 
f 416 415 941 
f 1284 621 1160 
f 1160 621 264 
f 1427 1493 930 
f 930 1493 383 
f 1369 530 1659 
f 529 1659 530 
f 436 1462 235 
f 215 235 1462 
f 213 1141 1143 
f 1143 1141 1140 
f 171 150 551 
f 551 150 149 
f 551 149 152 
f 423 300 948 
f 422 300 423 
f 1018 646 215 
f 215 1021 1018 
f 802 1578 226 
f 1498 1578 802 
f 279 374 1575 
f 374 279 375 
f 482 481 855 
f 855 481 784 
f 1110 605 1551 
f 1551 605 604 
f 1419 1420 486 
f 1420 1419 226 
f 1602 1174 757 
f 1174 1602 1175 
f 1213 372 583 
f 741 1213 583 
f 508 510 1599 
f 1599 510 976 
f 329 1582 1473 
f 1582 329 331 
f 1481 1223 1226 
f 1223 1481 1241 
f 1243 555 991 
f 554 991 555 
f 500 1064 501 
f 1064 500 1158 
f 1165 1111 1163 
f 347 1163 1111 
f 788 1479 593 
f 593 1479 1216 
f 1663 1115 7 
f 1530 1663 7 
f 835 1159 1491 
f 654 1491 1159 
f 307 1563 1000 
f 975 1563 307 
f 246 229 997 
f 997 229 1353 
f 285 1544 385 
f 284 1544 285 
f 1494 787 775 
f 470 787 1494 
f 1500 782 606 
f 1500 780 782 
f 645 1513 646 
f 1513 645 1514 
f 477 1422 358 
f 1178 1422 477 
f 556 1328 431 
f 1328 556 558 
f 1346 1002 1502 
f 1002 366 1502 
f 1083 840 1108 
f 183 1108 840 
f 1108 183 182 
f 183 840 200 
f 550 171 551 
f 171 550 172 
f 185 172 550 
f 1108 185 550 
f 182 185 1108 
f 228 349 1322 
f 1322 802 228 
f 642 463 1262 
f 463 642 464 
f 1024 1583 823 
f 1583 1024 1304 
f 1276 1401 1277 
f 1019 1401 1276 
f 1606 1511 1646 
f 1511 1606 1605 
f 1584 762 1191 
f 1191 762 436 
f 885 1466 886 
f 1517 1466 885 
f 1470 1202 539 
f 1201 1202 1470 
f 1514 1369 1245 
f 1659 1245 1369 
f 700 699 984 
f 403 984 699 
f 611 696 1011 
f 609 611 1011 
f 1559 770 867 
f 770 1559 1525 
f 333 1687 1150 
f 332 1687 333 
f 841 843 397 
f 397 843 217 
f 1152 1151 1155 
f 346 1155 1151 
f 471 470 467 
f 467 1169 471 
f 1564 465 765 
f 465 1564 1446 
f 426 1671 815 
f 815 1671 1164 
f 1644 1645 976 
f 976 1645 1599 
f 1346 1347 1003 
f 1003 1347 1345 
f 1514 722 1369 
f 722 1514 645 
f 1172 1452 1171 
f 507 1171 1452 
f 1193 257 895 
f 895 257 1606 
f 557 1076 1330 
f 1330 1076 558 
f 776 778 466 
f 466 778 1604 
f 1296 1032 1439 
f 1439 1294 1296 
f 345 918 1386 
f 1386 918 1364 
f 1107 717 1084 
f 1084 717 1532 
f 634 489 1371 
f 920 1371 489 
f 1363 344 346 
f 1363 918 344 
f 518 274 1295 
f 274 518 275 
f 1327 1329 774 
f 774 1329 558 
f 296 1263 297 
f 1263 463 297 
f 1536 830 970 
f 831 830 1536 
f 1187 644 643 
f 644 1187 464 
f 1059 432 1153 
f 432 1059 1058 
f 506 1632 1170 
f 1632 506 267 
f 1614 1495 365 
f 1587 365 1495 
f 1429 342 944 
f 342 1429 1428 
f 1048 316 1045 
f 766 316 1048 
f 158 541 159 
f 159 541 157 
f 1233 1146 1234 
f 596 1234 1146 
f 69 813 68 
f 95 1426 112 
f 1426 95 94 
f 960 1277 1401 
f 1277 960 1279 
f 1625 277 638 
f 739 277 1625 
f 1025 1472 875 
f 1472 1025 531 
f 731 796 732 
f 1029 796 731 
f 399 401 1314 
f 1086 1314 401 
f 721 1244 1245 
f 1244 721 532 
f 1475 474 816 
f 424 816 474 
f 1374 616 1460 
f 616 1374 1373 
f 766 1541 767 
f 1048 1541 766 
f 937 938 786 
f 359 786 938 
f 396 151 174 
f 153 151 396 
f 153 396 154 
f 899 1669 1557 
f 697 1557 1669 
f 1058 1433 280 
f 1057 1433 1058 
f 1268 1506 1148 
f 1507 1506 1268 
f 800 1332 801 
f 1002 801 1332 
f 904 1183 1319 
f 1182 1319 1183 
f 1706 1675 400 
f 1706 400 1676 
f 513 512 594 
f 1261 594 512 
f 956 581 580 
f 581 956 577 
f 1707 1291 1618 
f 400 1291 1692 
f 1707 1692 1291 
f 976 1464 1644 
f 978 1644 1464 
f 320 1560 1538 
f 1560 320 247 
f 1125 1437 1436 
f 1436 1437 393 
f 484 1523 485 
f 485 1523 1524 
f 3 2 829 
f 1375 413 417 
f 413 1375 1664 
f 1664 1375 1665 
f 527 1705 1629 
f 1665 1383 237 
f 237 1383 238 
f 1383 1665 1629 
f 527 1665 1375 
f 1665 527 1629 
f 1705 527 526 
f 414 1594 1049 
f 413 1594 414 
f 1594 413 1595 
f 1666 413 1664 
f 1666 1595 413 
f 1705 1630 1629 
f 1704 1630 1705 
f 1704 1703 1630 
f 1050 1049 1593 
f 1594 1593 1049 
f 891 845 844 
f 1703 1379 1630 
f 1683 750 1558 
f 1693 750 1683 
f 1693 1380 845 
f 1398 1657 1628 
f 1393 1628 1657 
f 1628 1393 1392 
f 1397 1657 1398 
f 1657 1397 890 
f 890 1397 891 
f 891 1397 845 
f 1703 1380 1379 
f 751 1380 1703 
f 751 750 1380 
f 1596 1050 1593 
f 1596 1610 1050 
f 1610 1609 1050 
f 1054 1053 1609 
f 1053 1051 1609 
f 1051 1050 1609 
f 1596 1593 1592 
f 1393 1615 1394 
f 1615 1393 1616 
f 1393 1657 1616 
f 1658 1616 1657 
f 1397 1381 1380 
f 1396 1381 1397 
f 1055 1054 1608 
f 1609 1608 1054 
f 1691 1407 1570 
f 1407 1396 1653 
f 1396 1382 1381 
f 1055 1608 631 
f 632 631 1608 
f 631 663 1055 
f 1376 1340 663 
f 663 1340 1055 
f 1056 1055 1340 
f 632 1608 1607 
