v -22.5 16.4 -27.8
v -22.6 18.2 -29.3
v -23.3 18.3 -28.8
v -23.3 16.1 -27.4
v -4.6 15.4 -41.5
v -4.5 15.4 -42.3
v -3.5 16.4 -40.7
v -4.8 15.5 -40.9
v -3.3 8.7 -60.8
v -1 9.2 -59.6
v -0.9 9.1 -60.5
v -0.8 8.4 -61
v -26.1 2.6 -39.5
v -24.3 2.9 -38.1
v -26.7 6 -36.8
v -24.9 1.5 -39.4
v -2 28.7 -55.8
v -2.4 29.3 -55.5
v -1.2142 30.1763 -55.9667
v -19.94305 -3.466361 -37.49676
v -19.51847 -3.595251 -67.82384
v -20.468 -3.307 -37.86653
v -20.468 -3.307 -67.26768
v -19.87335 -3.487518 -67.68668
v -19.95131 -3.463851 -67.67318
v -19.98921 -3.452348 -67.64359
v -20.75713 -3.069764 -66.27637
v -20.82083 -3.017497 -65.84166
v -21.07672 -2.807539 -38.47521
v -20.70067 -3.116095 -38.11477
v -20.85861 -2.986501 -65.46349
v -21.16335 -2.736455 -38.51885
v -20.48455 -3.293424 -37.87886
v -20.74372 -3.080766 -66.40445
v -20.50102 -3.279905 -67.22697
v -19.16747 -3.701804 -67.95949
v -19.068 -3.732 -67.96082
v -19.068 -3.732 -36.91143
v -19.33031 -3.652371 -37.06516
v -21.20351 -2.703507 -61.07746
v -20.99905 -2.871264 -63.0259
v -21.53308 -2.433085 -59.85551
v -21.599 -2.379 -59.7015
v -21.3246 -2.604151 -60.63259
v -21.599 -2.379 -38.73827
v -20.96989 -2.895195 -63.49279
v -20.90109 -2.951641 -65.03819
v -18.1154 -3.638505 -67.75278
v -18.50776 -3.677014 -67.84045
v -18.08107 -3.635136 -67.73734
v -19 -3.725326 -36.87249
v -18.53605 -3.679791 -36.50988
v -21.83715 -1.933771 -58.80676
v -21.88294 -1.848164 -58.71706
v -21.88387 -1.846418 -58.71457
v -22.02068 -1.59064 -38.88682
v -22.00276 -1.62414 -38.88621
v -21.91059 -1.796471 -38.82314
v -21.82456 -1.957305 -58.84912
v -17.611 -3.589 -67.52605
v -17.611 -3.589 -35.96173
v -18.24844 -3.651562 -36.28509
v -22.289 -1.089 -57.689
v -22.289 -1.089 -38.99102
v -22.10546 -1.432139 -38.88971
v -22.21716 -1.223306 -57.82331
v -17.57854 -3.57164 -67.50485
v -16.74619 -3.126428 -67.03944
v -17.14869 -3.341716 -35.83829
v -17.41059 -3.481807 -35.88485
v -22.35038 -0.4636415 -57.07904
v -22.37647 -0.1978098 -38.83389
v -22.34884 -0.4792608 -38.95898
v -22.32791 -0.6925654 -57.29256
v -16.321 -2.899 -66.8017
v -16.321 -2.899 -35.69117
v -22.3918 -0.04164083 -56.68541
v -22.4172 0.2172004 -56.45329
v -22.432 0.368 -56.28089
v -22.432 0.368 -38.58242
v -16.11891 -2.652703 -66.62567
v -15.70553 -2.148893 -66.32249
v -16.31072 -2.886472 -35.68858
v -15.99115 -2.496999 -35.54389
v -22.42929 0.3769476 -38.57643
v -22.24296 0.9907233 -55.51976
v -22.1684 1.236339 -37.97578
v -22.24328 0.9896635 -38.10207
v -22.31167 0.7643856 -38.24728
v -22.34598 0.6513594 -55.91082
v -15.53851 -1.945341 -66.2
v -15.393 -1.768 -66.10134
v -15.51238 -1.91349 -35.42809
v -15.393 -1.768 -35.44207
v -15.79079 -2.252802 -35.5208
v -15.98643 -2.491237 -35.54175
v -22.007 1.768 -54.75657
v -22.007 1.768 -37.68294
v -22.0383 1.664894 -37.75638
v -22.22882 1.037285 -55.46611
v -22.02459 1.710065 -54.82178
v -15.12028 -0.8696207 -65.80507
v -15.16065 -1.002623 -65.78951
v -15.11337 -0.8468623 -65.79556
v -15.24171 -1.269639 -35.59724
v -15.28399 -1.408898 -35.55836
v -21.58017 2.288203 -54.005
v -21.42263 2.480196 -37.02954
v -14.968 -0.368 -65.59531
v -14.968 -0.368 -35.84898
v -21.079 2.899 -53.20285
v -21.079 2.899 -36.64532
v -21.32307 2.60154 -53.5523
v -15.06137 0.5832833 -65.29055
v -15.01974 0.1591296 -36.17911
v -14.98033 -0.2423333 -35.90367
v -20.46719 3.226248 -52.5728
v -20.25414 3.340208 -36.05687
v -15.111 1.089 -53.18502
v -15.08991 0.8741481 -36.72472
v -15.07975 0.7706339 -36.62659
v -15.06295 0.5994191 -36.48119
v -15.10932 1.07188 -53.37504
v -15.1034 1.01151 -53.65057
v -15.09848 0.9614204 -53.8665
v -15.10154 0.9926141 -55.64123
v -15.111 1.089 -56.124
v -15.1027 1.004411 -53.72745
v -15.09888 0.9655039 -54.10809
v -15.111 1.089 -65.12141
v -15.1027 1.004468 -65.15561
v -20.3857 3.269834 -52.48888
v -20.03126 3.459419 -52.16874
v -19.789 3.589 -51.86657
v -19.789 3.589 -35.78102
v -20.11266 3.41588 -35.98015
v -20.16205 3.38946 -36.00949
v -20.18075 3.379462 -36.01155
v -20.21715 3.359992 -36.03048
v -15.36757 1.568666 -49.93023
v -15.111 1.089 -36.83777
v -15.45293 1.728255 -49.55466
v -15.34695 1.530122 -50.61927
v -15.16584 1.191521 -51.97008
v -15.17654 1.211531 -36.90577
v -15.36682 1.567263 -37.07463
v -15.53507 1.881818 -64.84675
v -15.4059 1.64033 -64.9353
v -15.55824 1.925143 -64.8173
v -15.51904 1.851864 -59.13672
v -15.38299 1.597506 -58.17966
v -15.25845 1.364671 -57.45481
v -15.13957 1.142407 -56.46148
v -19.07572 3.659006 -51.04475
v -18.85148 3.681015 -35.65414
v -19.61727 3.605855 -51.69415
v -15.801 2.379 -47.98556
v -15.42775 1.681181 -37.12871
v -15.801 2.379 -37.12371
v -15.70526 2.2 -48.18537
v -15.67096 2.135874 -48.5954
v -15.61458 2.030466 -37.08477
v -15.69262 2.17638 -64.64649
v -15.801 2.379 -61.18923
v -15.801 2.379 -64.50391
v -15.74571 2.275623 -60.76704
v -15.72145 2.230279 -60.56056
v -15.73692 2.259195 -60.6728
v -18.332 3.732 -50.15831
v -18.332 3.732 -35.58339
v -18.42326 3.723043 -35.5962
v -18.42306 3.723063 -50.26212
v -16.10849 2.631299 -37.10239
v -16.21946 2.722354 -36.99938
v -16.34395 2.824498 -48.00629
v -16.2 2.706385 -47.9435
v -15.9588 2.508476 -61.9691
v -15.98854 2.532879 -62.18568
v -16.13127 2.649986 -63.52188
v -16.11105 2.633395 -63.84441
v -15.99651 2.539416 -64.18874
v -15.89418 2.455456 -64.44672
v -17.62284 3.516718 -49.34535
v -17.43565 3.459892 -35.97466
v -17.75764 3.557641 -35.74236
v -17.99947 3.631054 -49.83369
v -16.932 3.307 -36.338
v -16.932 3.307 -48.41467
v -16.76594 3.170742 -48.19039
v -17.16369 3.377335 -48.75005
v -17.03168 3.337258 -48.57888
v -3.5 28.7 -55.3
v -0.8899 -9.6043 -67.2507
v -5.5879 -17.4048 -72.2675
v -1.633 -10.8382 -68.0953
v -3.7 -10 -67.7
v -22 18 -29.9
v -23.2 19.7 -30.6
v -24 19.7 -30.2
v -19.2 19.9 -62.8
v -20.3 21.8 -63
v -19.1 22 -64.2
v -19.9 23.4 -64.2
v -5.6 8 -61.3
v -5.3 7.2 -61.6
v -7.6 6.9 -61.8
v -5.9 8.3 -60.7
v -21.1 -4.2 -38.4
v -22.8 -8.5 -40
v -22.2 -8.8 -38.9
v -22.5 -11.5 -39.3
v -20.8 -7 -37.8
v -20.4 -10 -38
v -19.8 -7.9 -37.5
v -18.6 -8.7 -37.6
v -6.8 26.5 -56.4
v -5.8 27.5 -55.7
v -5.5 27 -55.9
v -5.2 26.3 -56
v -0.6906 28.2721 -56.4721
v -0.9533 29.2709 -56.3709
v -0.1692 26.0135 -55.7115
v -16.4 -19 -66
v -18.2 -16.5 -64.2
v -19.5 -15.3 -66
v -21 -13.1 -65.8
v 2.1 4.2 -50.9
v 1.1 4.4 -51.3
v 1.1 3.509786 -51.04565
v 1.43905 3.40686 -50.9
v 1.053304 3.523961 -51.04971
v 0.6665044 3.641383 -51.08325
v -14.7 -21.4 -41.3
v -17.2 -21.1 -41.2
v -15.8 -25.4 -42.1
v -15.6 -17.5 -40.2
v -18 -27 -46.1
v -19.1 -24.6 -46.8
v -17.5 -26.5 -47.1
v -16 -28.7 -46.4
v -19.1 -6.1 -69.3
v -17.4 -5 -68.1
v -16.6 -7.4 -68.9
v -4.2 -2.8 -64.9
v -6.6 -2.9 -65.2
v -5.6 0.4 -63.6
v -2.9 -3.6 -65
v -11.3 -17.4 -40.1
v -13.4 -17.5 -40.2
v -11.2 -19.8 -40.9
v -10.2 -13.5 -39.3
v -29.7 2.8 -42.4
v -30.4 4.3 -40.5
v -30.9 3.7 -42.1
v -31.7 5.1 -40.1
v -13.7 4.3 -40.8
v -13.3 5.7 -40.5
v -13.7 4.2 -39.7
v -12.9 3.1 -41.2
v -23 -10.9 -40.2
v -23.5 -13.1 -41.6
v -23.1 -13.4 -40.6
v -22.9 -15.8 -41.2
v -8.4 12.8 -40.4
v -9.4 11.2 -40.3
v -8.2 12.2 -41
v -9.5 10.5 -41.3
v -8.7 22 -56.5
v -7.4 22.6 -55.7
v -8.8 20.8 -55.1
v -10 21.3 -57.4
v -23.1 21.7 -33.8
v -22.3 20.2 -33
v -22.6 21 -34.3
v -22.1 19.4 -33.8
v -16.2 16.9 -61.6
v -17.2 15.9 -59.9
v -17.6 16.9 -61.3
v -19 17.4 -60.7
v -25.7 20.8 -31.3
v -26 19.1 -29.6
v -25 19.6 -29.8
v -22 -20.5 -44.9
v -20.3 -22.5 -46.5
v -20.9 -22.8 -45.4
v -14.9 22.7 -51.3
v -15.7 20.8 -49
v -14.1 21.7 -49.6
v -12.8 23.5 -51.3
v -3.7 8 -58.2
v -6.1 7.7 -59
v -4.4 6.6 -55.8
v -3.6 8.6 -59.1
v 1.969752 3.14146 -50.44342
v 1.858239 3.232957 -50.57765
v 2.195438 2.956282 -62.2071
v 1.768 3.307 -50.66448
v 1.768 3.307 -62.11435
v 2.33329 2.843172 -50.01854
v 2.142156 3 -50.20672
v 0.8991511 3.570758 -62.06063
v 2.899 2.379 -44.03263
v 2.855871 2.414387 -43.89698
v 2.833239 2.432957 -48.16676
v 2.899 2.379 -62.36084
v 2.418098 2.773587 -42.5201
v 2.369073 2.813812 -46.85477
v 2.555479 2.660863 -42.95219
v 2.550509 2.664941 -47.24949
v 2.669936 2.56695 -43.31218
v 2.561833 2.65565 -47.33092
v 2.599377 2.624844 -47.49875
v 2.805994 2.455312 -49.13134
v 2.818154 2.445335 -48.90903
v 2.524107 2.686604 -49.73125
v 2.465405 2.73477 -49.88847
v 2.370009 2.813044 -62.24499
v 0.4981541 3.692489 -62.03584
v 0.368 3.732 -51.09968
v 0.368 3.732 -62.03425
v 3.201926 1.812661 -45.5164
v 2.983036 2.221889 -44.44425
v 3.157756 1.895238 -62.49907
v 2.917608 2.344211 -44.12377
v 3.225814 1.768 -45.63341
v 3.273172 1.679461 -45.77216
v 2.365954 2.816371 -42.35611
v 2.280155 2.88677 -46.66132
v 1.894868 3.202903 -45.91607
v 1.805931 3.275877 -39.78957
v 1.800248 3.28054 -39.76173
v 1.768 3.307 -39.60378
v 1.768 3.307 -45.76356
v 2.046897 3.078161 -46.12184
v 1.857314 3.233717 -40.04124
v 2.234281 2.92441 -41.88768
v 2.26525 2.899 -42.03937
v -0.3759377 3.658985 -51.05956
v -0.537073 3.64317 -62.11894
v -0.4934317 3.647453 -62.11314
v -0.2066966 3.675595 -51.0689
v 3.509295 1.238014 -46.46398
v 3.416167 1.412123 -46.19112
v 3.395183 1.451354 -62.62592
v 3.510097 1.236515 -46.46633
v 3.589 1.089 -62.72646
v 3.589 1.089 -46.69751
v 1.342754 3.436092 -38.35784
v 1.287443 3.452883 -38.19578
v 1.132866 3.499809 -45.36674
v 1.235394 3.468684 -38.04328
v -0.5570164 3.641212 -51.04956
v -0.8344049 3.613988 -50.88746
v -1.089 3.589 -50.76751
v -1.089 3.589 -62.19234
v 3.593338 1.044796 -46.73254
v 3.641585 0.5532219 -47.12204
v 3.662527 0.3398449 -47.26807
v 3.659764 0.368 -47.2688
v 3.637775 0.5920374 -62.87083
v 3.642075 0.5482335 -62.88494
v 3.664407 0.3206886 -47.26758
v 1.232835 3.469461 -38.03578
v 1.082215 3.515185 -45.23167
v 0.368 3.732 -40.02018
v 1.168607 3.488959 -37.8476
v 1.157269 3.4924 -37.81438
v 0.4734119 3.7 -39.14677
v 0.368 3.732 -44.4364
v 0.5173333 3.686667 -44.52533
v 0.9430691 3.557425 -45.08465
v 1.132235 3.5 -45.36635
v 1.126832 3.50164 -37.7252
v 1.049825 3.525017 -37.77498
v -1.582108 3.325244 -50.28946
v -1.735078 3.243423 -50.08359
v -1.893856 3.158495 -62.39197
v -1.382944 3.431774 -50.58294
v 3.693065 0.02870475 -47.26006
v 3.731112 -0.3589484 -47.25008
v 3.729925 -0.346858 -63.17319
v 3.732 -0.368 -63.18078
v 3.732 -0.368 -47.24984
v -0.1857422 3.677652 -38.00565
v -0.2840519 3.668003 -44.75305
v 0.04195767 3.7 -38.57803
v -2.379 2.899 -62.51257
v -2.320274 2.930411 -48.55991
v -2.379 2.899 -35.8488
v -2.167124 3.012329 -47.27534
v -2.148274 3.022411 -47.16035
v -1.943206 3.132099 -46.77901
v -1.684365 3.270549 -46.15233
v -1.558809 3.337707 -36.4193
v -2.240602 2.973027 -48.8891
v -1.978691 3.113119 -49.75574
v -2.127681 3.033427 -62.44997
v 3.505372 -1.114538 -46.67585
v 3.513125 -1.089 -46.71743
v 3.570224 -0.9009095 -46.85632
v 3.576319 -0.8808298 -63.3693
v 3.698751 -0.4775258 -47.16896
v 3.724736 -0.3919299 -47.23217
v -0.4908329 3.647708 -37.50587
v -1.089 3.589 -37.22435
v -1.089 3.589 -45.14395
v -0.3324905 3.663249 -37.63675
v -2.438799 2.82612 -35.7653
v -2.469912 2.788201 -35.7177
v -2.509572 2.739865 -35.69499
v -2.7 2.507781 -35.64156
v -2.709725 2.495929 -35.63845
v -2.961428 2.189166 -62.76167
v -2.791909 2.395768 -62.68909
v -1.559947 3.337098 -45.80295
v -1.123904 3.57033 -45.20192
v -1.159402 3.551343 -37.1099
v -1.555815 3.339308 -36.42138
v -1.662751 3.28211 -46.1
v 3.307 -1.768 -45.6121
v 3.315041 -1.741511 -45.65522
v 3.409107 -1.431646 -46.15964
v 3.307 -1.768 -63.69543
v -3.307 1.768 -35.45074
v -3.307 1.768 -62.94175
v -3.109078 2.009217 -62.83631
v -3.01358 2.125606 -62.784
v -3.260311 1.824903 -35.46265
v 2.787019 -2.401726 -43.96763
v 2.805667 -2.379 -44.05712
v 2.893092 -2.272451 -44.32829
v 2.971532 -2.176852 -63.8504
v 3.277999 -1.803345 -45.52215
v -3.457553 1.272061 -35.42421
v -3.576049 0.8817223 -63.30555
v -3.342281 1.651781 -35.43083
v 2.420144 -2.848856 -42.20697
v 2.564784 -2.672576 -64.1
v 2.379 -2.899 -64.18909
v 2.379 -2.899 -42.00952
v 2.53573 -2.707986 -42.76168
v 2.521765 -2.725004 -42.69466
v 2.512979 -2.735713 -42.6525
v 2.938881 -2.216644 -63.86548
v 2.445821 -2.817562 -42.3302
v -3.732 0.368 -35.35956
v -3.732 0.368 -63.51643
v -3.458458 1.269079 -35.42415
v -3.707217 0.4496392 -35.34964
v 1.599227 -3.316087 -39.5525
v 1.616217 -3.307 -39.64361
v 1.661855 -3.282589 -39.78516
v 1.918644 -3.145237 -64.31351
v -3.681329 -0.1482748 -35.4341
v -3.640616 -0.5630933 -63.90482
v -3.710958 0.1536032 -63.6
v 1.108022 -3.578825 -36.91846
v 1.276483 -3.488718 -37.82182
v 1.094508 -3.586054 -36.84599
v 1.3612 -3.443404 -64.46418
v 1.089 -3.589 -64.54103
v 1.089 -3.589 -36.81646
v -3.589 -1.089 -35.61973
v -3.597247 -1.004973 -35.6
v -3.589 -1.089 -64.11964
v -3.608221 -0.8931578 -64.04521
v -3.672726 -0.2359314 -35.44675
v 0.5734524 -3.639599 -64.61581
v 0.1614493 -3.680036 -36.33832
v 0.6774331 -3.629394 -36.2961
v 0.8711181 -3.610384 -36.28645
v -3.342443 -1.549954 -35.73289
v -3.144815 -1.919433 -64.37466
v -0.368 -3.732 -64.75237
v -0.368 -3.732 -36.38163
v -3.016226 -2.159839 -35.88262
v -2.899 -2.379 -35.94687
v -2.899 -2.379 -64.53358
v -3.065691 -2.067361 -64.42008
v -0.436448 -3.711221 -36.37851
v -0.8613374 -3.582237 -64.76162
v -1.24608 -3.46544 -36.28848
v -1.259981 -3.46122 -36.28708
v -2.228859 -2.928859 -64.71236
v -2.441121 -2.754696 -64.66188
v -2.167002 -2.979613 -64.72126
v -2.491411 -2.713432 -36.03791
v -1.768 -3.307 -64.77863
v -1.768 -3.307 -36.23567
v -2.489466 -2.715028 -36.03834
v -14 10.3 -51
v -16.5 8.7 -50.8
v -13.9 10.9 -53.3
v -31.6 12.6 -40.2
v -31.2 16.3 -42.6
v -32.5 15.5 -43.2
v 3.16 -2.88 -64.1
v -3.9589 -14.7 -40
v -9.7309 -24.2837 -67.7
v -26.2 -5.6 -49
v -27 -3.6 -46.8
v -28.2 -2.4 -48.5
v -24.6 23.2 -57.5
v -24.2 23.1 -55.6
v -24.6 24.7 -58.9
v -8.6 11.9 -45.9
v -4.6 15.8 -44.3
v -8.4 11.6 -44.4
v -21.2 -3.7 -66.6
v -20.7 -3.6 -67.4
v -6 3.7 -47.7
v -9.7 2.5 -48.8
v -6.7 3.3 -45.1
v -20.4 -16.1 -51
v -22.7 -12.1 -50
v -22.1 -12.4 -51.7
v -11.1722 -26.6768 -53.5503
v -11.635 -27.4453 -51.8942
v -12 8.4 -34.9
v -13.1 6.5 -35.5
v -11.9 7.6 -38.5
v -25.1 -4.2 -42.8
v -24.1 -1.6 -40.5
v -26.5 -0.7 -42.5
v -27.8 8.3 -52.6
v -24.4 6.1 -53.1
v -26 5.5 -53.7
v -26.3 -4.6 -52.8
v -27.3 -3.8 -50.6
v -28.5 -1.9 -52
v -14.6 14.8 -41.3
v -16.5 15.3 -42.1
v -15.7 14.1 -40.6
v -14.9 20 -47.6
v -11.2 18.1 -44.1
v -11.8 21.7 -48.2
v -16.1 25.8 -58.6
v -18.3 26.1 -61.1
v -18.9 26.1 -59.5
v -3.5 17.8 -46.9
v -2.2 19.4 -48.2
v -2.1 18.8 -46.8
v -21.5 -14.2 -39.4
v -20.4 -14.4 -39.2
v -21.7 -11.9 -38.8
v 2.306965 3.553191 -39.6226
v 1.5 3.7 -40.5
v 1.315365 3.515365 -38.00742
v -23.8 4.9 -53.5
v -24.5 3.1 -54.7
v -13.6 1.6 -50.2
v -12.9 1.8 -47
v -7.6 4.5 -53.9
v -10.6 4.5 -57.3
v -11.5 2.8 -54.7
v 4.912296 3.211647 -45.54512
v 5.04924 2.988827 -46.63644
v 5.1762 6.5821 -60.9
v 4.9061 3.7745 -47.4235
v -18.9 -15.2 -62.4
v -14.7 -2.7 -66.2
v -11.5 -0.8 -64.9
v -14.1 -5.3 -67.1
v -23.9 8.7 -28.6
v -21.6 7.8 -27.5
v -23.6 9.3 -27.2
v -29.2 19.5 -33.5
v -28.8 17.3 -33
v -28.7 18.2 -32
v -27.8 18.9 -43.6
v -27.7 18.4 -41.8
v -26.4 18.2 -43.4
v -21.6 17.6 -33.9
v -21.8 17.5 -38.2
v -22.3 18.2 -55.7
v -20.1 17.3 -58.6
v -18.3 15.7 -58
v -13.7 21.6 -62.6
v -11.1 21.8 -59.5
v -13.1 20 -61.9
v -10.8 26.3 -55
v -13.4 26.1 -57.4
v -13.7 25.7 -56.2
v 0.7373 19.4791 -45.2958
v 4.765 5.8879 -52.8682
v 4.5017 8.5891 -58.6946
v -14.1 2.2 -64.5
v -14.3 6.3 -31.9
v -16 4.4 -35.1
v -14.1 5.6 -34.4
v -8.8 -0.7 -34.9
v -11.4 -0.6 -34.8
v -13.1 -2.6 -35
v -19.7 -19.9 -49.2
v -19.5 -22.1 -47.8
v -21.5 -20.3 -46.2
v -19.7 -20 -41.1
v -17.8 -17.1 -40.1
v -37.4 13.8 -48.5
v -39.1 7.4 -49.7
v -37 6 -43.3
v -28.3 -0.2 -54.7
v -30.7 1.5 -52.9
v -31.5 3.7 -53.6
v -9.7299 -24.2821 -64.298
v -14.6 -21.6 -70.6
v -17.4 -19.1 -70.1
v -20.7 15.3 -37.7
v -20.8 15.5 -35.8
v -20 14.4 -36.2
v -15.5 7 -29.3
v -18.6 7.3 -27.8
v -16.4 6.4 -29.5
v -0.6 18.6 -43.7
v -3.2 16.6 -42.9
v -3.6 19.6 -39.5
v -2 22.9 -40
v -4 21.2 -40.7
v -33.8 11.9 -39.9
v -33.2 13.4 -41.7
v -34.9 14 -43.1
v -24.8 7 -34.4
v -22.4 3.2 -36.9
v -22 4.2 -35.9
v -25.6 18.5 -40.7
v -27.6 19.5 -39
v -24.2 19.5 -40.4
v -25.1 22.1 -33.1
v -26.3 21.9 -32.7
v -12.5 25.3 -54.3
v -20.2 20.2 -50.5
v -22.2 20 -51.7
v -21.9 18.4 -51
v -20.1 10.2 -52.7
v -17.6 10.1 -53.6
v -19.2 9.4 -52.6
v -23.6 12.1 -50.1
v -24.9 10.7 -50.3
v -25.1 11.8 -49.4
v -2.9 7 -61.5
v -3.1 2.1 -62.8
v -4.4 5 -62.1
v -8.3 7 -59.8
v -6.5 6.3 -56.7
v -0.9 3.8 -40.5
v 1.2 3.9 -43.8
v -2.1 3.8 -44.8
v 4.5017 8.2711 -57.5855
v 3.3 7.3 -54.8
v -22.9 21.9 -60.7
v -21.6 19.2 -59
v -22.6 19 -56.9
v -12.9 26.1 -58.3
v -15.1 25.3 -60.9
v -15.7 25.8 -59.8
v -35.4 12.7 -41.1
v -26.9 11.9 -49.3
v -30.8 13.4 -50.4
v -29.1 16.3 -48.2
v -9.9 -20.7 -73.3
v -9.13 -23.2859 -73.2982
v -12.1 -20.9 -73.3
v -2.3 26.4 -55.6
v -3.2 28 -55.6
v -5.8 20.8 -52.6
v -7.1 18.8 -51.6
v -11.1 2.4 -44.6
v -8.6 2.9 -44.1
v -10.3 2.3 -46.6
v -14.9 3.2 -37.6
v -13.6 1.4 -36.9
v -13.3 2.1 -37.8
v -22.5 -9.5 -65.6
v -22.8 -7.1 -63.2
v -22.8 -9.5 -67.6
v -25.2 -2.5 -57.1
v -25.6 -3.7 -56.3
v -26.8 -0.5 -55.9
v -28.3 19 -31.3
v -26.8 18.4 -29.6
v -27.7 19.8 -31
v -21 12 -26
v -19.7 9.7 -26.2
v -19.2 10.4 -26.4
v -0.3188 21.449 -37.751
v -1.9012 31.5982 -51.5497
v -1.4065 27.1655 -42.843
v -8 22.7 -46.5
v -5.2 22.4 -43.3
v -4.5 24.3 -44.5
v -11.3 12 -36.2
v -12.7 12 -34.4
v -12.1 11.5 -34.2
v -7 15.9 -40.2
v -6.1 17.2 -40.2
v -7.8 17 -40.5
v -10.9 -18.7 -73.1
v -14.5 -18 -72.9
v -15.1 -15.8 -72.5
v -22.9 -8.8 -68.3
v -22.5 -6.2 -67.4
v -22.4 -8 -69.5
v -33.3 3.8 -45.1
v -33.4 5.3 -41.1
v -35.8 5.4 -44
v -29.9 5.1 -39.1
v -31.2 8.1 -37.6
v -32.6 6.7 -38.5
v -29.1 16.6 -38.6
v -29.1 17.5 -35.4
v -29.1 18.4 -36.7
v -28.6 21.5 -37.1
v -29 22 -35.6
v -28.3 22.5 -36.3
v 5.0406 0.2426 -62.9315
v -1.3968 -10.4459 -38.9
v -12.4 -3.9 -35.6
v -9.7 -4.5 -36.2
v -8.4 -2.1 -35.4
v -24.1 -10.6 -42.9
v -23.5 -13.7 -46.1
v -23.3 -11.8 -48.2
v -22 -14.1 -49.5
v -11.1 20.4 -58.4
v -11.5 16.6 -56.6
v -11.9 19.4 -59.5
v -10.8 14.3 -52.4
v -12.7 11.7 -52.3
v -11.8 13.3 -53.6
v -20.1 18.1 -47.7
v -21.8 16.6 -47.7
v -21 17.4 -46.6
v -16.8 17.9 -45.2
v -19 18 -46.1
v -19.1 17.2 -44.1
v -18.4 23.2 -64.9
v -17.8 21.8 -64.9
v -18.8 22.7 -64.7
v -24.2 25.3 -61.1
v -24.3 25.4 -58.7
v -23.9 25.9 -60.9
v -16.8 12.4 -33.6
v -18.5 13.2 -34.9
v -17.9 13 -33.1
v -15.5 12.1 -34.3
v -16.1 12 -32.2
v -15.3 8.9 -49.7
v -17.5 7.5 -50
v -33.8 14.6 -43.2
v -35.7 14.4 -46.8
v -35.5 14.5 -48.5
v -11.2 -23.4 -64.2
v -17.8 -21.3 -51
v -16.6 -22.9 -51.1
v -17.4 -23.4 -49.4
v -17.5 -26.8 -43.3
v -16 -29 -44.6
v -15.6 -28.5 -43.8
v -14.6 -23.9 -53
v -14.5 -26.5 -49.9
v -5.1 27.6 -50.3
v -3.1 27.7 -47.2
v -2.8 29.8 -50.1
v -5.3 28.7 -53.6
v -6.4 28 -54.6
v -8.1 27.1 -53.1
v -12.5 22.2 -61.2
v -9.1 25 -57.9
v -10.1 23.6 -58.8
v -6 23.1 -55.1
v -4.8 24.6 -55.4
v -3 24 -54.4
v 1.3 7.4 -61.1
v 3 5.9 -61.3
v -0.6 4.5 -61.9
v -24.9 13.1 -48.7
v -23.4 14.3 -48.6
v -22.8 17.9 -53.6
v -23.6 20.7 -57.4
v -14.4 15.9 -60.3
v -15.3 14.7 -58.7
v -12.1 14.1 -56.1
v -13.4 11.9 -55.4
v -12.9 15.1 -58.4
v -12.5 7 -40.6
v -12.9 7 -42.2
v -9.7 12.6 -39.2
v -8.9 13.9 -39.7
v -10.2 13.8 -38.9
v -25.5 10.1 -30.3
v -26.3 12.6 -29.7
v -26.5 11.8 -30.9
v -28.3 5.6 -38
v -28.1 7.1 -36.7
v -18.2 20.7 -64.1
v -17.2 20.7 -64.4
v -15.3 18.5 -62.8
v -16.6 18.1 -62.7
v 4.8573 7.6932 -60.4233
v 1.1 7.5 -55.3
v 3.3 8.5 -57.7
v 1.2 8.8 -58.1
v -21.3 5.6 -33.5
v -22.2 7.4 -28.7
v -23 6.5 -33.2
v -15.6 5.7 -31.6
v -34.1 6.1 -52.5
v -37.5 6.6 -50.4
v -35.5 7 -51.9
v -31.6 11.5 -52.1
v -29.3 7.7 -53.4
v -20.7 -11.7 -71.6
v -19.3 -12.9 -72
v -20.4 -13.8 -71.9
v -14.7 -21.5 -72.3
v -17.5 -19.1 -71
v -18.8 -17.6 -71.5
v -34.5 4.8 -51.5
v -32.7 2.6 -47.3
v -29.4 -0.9 -50
v -30.3 0.3 -48
v 3.8 4.6 -50.3
v 4.8603 4.8892 -50.6856
v 3.7 6 -52.7
v -25.4 17.8 -42.3
v -27.2 18.4 -40.8
v -22.6 17.2 -44.7
v -22.6 16.4 -46.7
v -23.6 16.5 -45.9
v -20.8 16.1 -32.3
v -21.5 16.3 -29.1
v -18.7 12.4 -29.8
v -20.1 12.9 -27.3
v -18.7 11.6 -27.6
v -5.5 3.4 -41.7
v -3.2 3.7 -42.6
v -5 3.7 -46.4
v -11.5 2.2 -38.8
v -11.4 2.4 -40.2
v -13.7 3.2 -43.5
v -14.9 4.5 -44.5
v -14.3 4.5 -43.3
v -24.9 15.1 -27.4
v -24.6 12.3 -26.8
v -23.9 13 -26.5
v -25 11.5 -27.7
v -19.2 22.5 -52.2
v -16.7 23.1 -52.4
v -22 26.3 -58.4
v -22.6 26.5 -60.3
v -23 26.2 -58.5
v -3 -12 -39.4
v -13.5 -20.1 -41
v -11.1431 -26.6285 -42.5428
v -9.2344 -23.4594 -41.9531
v -3 18.4 -39.2
v -5.1 15.8 -40.5
v -2.7 17.9 -39.4
v -26.6 22.7 -34.2
v -25.4 22.7 -34.7
v -22.8 20.9 -38.7
v -23.7 18.1 -42
v -23.5 21.1 -38.9
v -22.8 -6.7 -61.8
v -22.6 -8.2 -61.2
v -22.9 -7.8 -59.7
v -22.9 -10.5 -52.3
v -22.9 -8.7 -57.4
v -20.4 -13.4 -57.2
v -14.1 -7.9 -37.2
v -16.7 -5.3 -36
v -3.7 25.9 -55.5
v -4.3 27.5 -55.6
v -10.5 26.6 -56
v -9.3 26.7 -54.5
v -7.7 27.5 -54.9
v -13.8 -1.2 -35
v -11.8 0.3 -35.1
v -14 -0.3 -35.5
v -3.1 3.8 -38.6
v -7.6 3.1 -37.6
v -13.531 -30.5933 -45.8527
v -12.003 -28.0563 -43.0156
v -15 -27.8 -43.1
v -22.1 15.9 -51.4
v -22 16.3 -53.4
v -22.1 15.2 -52.4
v -19.6 11.9 -53.3
v -20 13.8 -53.9
v -16.2 10.9 -54.9
v -35.4 8.3 -37.9
v -34.9 10.9 -38.3
v -34 7.5 -38.1
v -32.4 8.8 -37.7
v -33.7 9.1 -37.8
v -14.9 7.8 -29.2
v -17 9.3 -27.5
v -17.4 8.6 -27.4
v -12.8 9.5 -31.8
v -11.8 9.7 -34.4
v -18.3 -24.4 -42.3
v -24 -13 -42.8
v -15.2 -22.1 -54.7
v -15.3 -20.3 -58.4
v -13 -22.9 -58.6
v -16.8 -19.1 -56.5
v -18.7 -16.3 -56.6
v -16 -18.8 -60.3
v -21.6 21.4 -61.4
v -23.8 22.9 -61.1
v -21.5 22.4 -62.4
v -22.3 25.7 -62.5
v -17.2 16.6 -43.3
v -16 17.1 -43.8
v -9.3 14.5 -39.6
v -29.8 0.6 -46.2
v -30.9 1.8 -45.9
v -26.7 1.4 -40.9
v -20.2 25.7 -63.3
v -20.6 25.3 -63.6
v -17.3 25.5 -62.5
v -15.6 -13.6 -71.6
v -12.4 -14 -71.3
v -13.1 -15.5 -72.2
v -3.9323 -14.6559 -70.7224
v -5.6 -14 -70.4
v -6.4 -12 -69.2
v -1.4 7.3 -55.5
v -2.8 5.6 -52.2
v 1.5 6.7 -53.4
v -14.1 5.8 -43.4
v -10.2 6.2 -60.5
v -13.7 4.4 -62.4
v -12.1 5 -60.5
v -9.3 5.7 -62.4
v -8 7.4 -61.3
v -22.1 5.4 -52.7
v -20.4 7.6 -51.8
v -20.5 6 -51.7
v 3.5 3.5 -47.8
v 4.3 3.6 -45.9
v 4.897335 3.236 -45.42586
v 4.847 3.5271 -45.7541
v 4.853362 3.307575 -45.07533
v -4.8 -5.9 -66.1
v -7.8 -7.7 -67.3
v -21.9 18.5 -39.1
v -22.1 19.4 -35.9
v -24 22.1 -33.4
v -24.2 22.5 -35.1
v -27.3 9.5 -34.7
v -27.8 11.7 -34.3
v -28.2 10.8 -35.4
v -29.2 13.4 -37.3
v -30 15.3 -40.5
v -29.7 12.5 -38
v -22.8 -4.9 -61
v -23.5 -5.9 -59.2
v -23.2 -4.5 -59.8
v -19.8 4.3 -35
v -23.3 6 -34.6
v -15 1.8 -37.2
v 3.2 3.5 -46.6
v -21.7 -12.3 -71.2
v -20.8 -14.2 -71.6
v -21.9 -12.9 -70.1
v -22.1 -12 -68
v -22.6 -11 -69.4
v -1.9 17.3 -41.7
v -0.5 18.1 -41.3
v -2.2 17.3 -40.2
v 0.5935 18.559 -40.1246
v 0.3758 18.9954 -38.6747
v -32.3 14.1 -50.1
v -34.6 8.6 -52.5
v -30.8 6.9 -53.8
v -30.7 4.6 -54.2
v -14.3 2.5 -58.3
v -13.9 3.8 -60.6
v 0.5857 21.2781 -49.5
v -4.2 21.4 -52.3
v -14.8 -21.6 -71.6
v -13 -22.6 -72.3
v -11.4 -23.7 -71.4
v -12.6 -22.3 -64.2
v -13.1 -22.6 -70.7
v -17.9 25.6 -57.7
v -15.1 25.5 -56.7
v -20.9 24.2 -54.2
v -18.2 23.4 -53.1
v -22.5 -6.1 -39.9
v -23.5 -6 -41.4
v -32.1 16.1 -48.2
v -31.7 17.6 -46.4
v -31.1 17.4 -47.2
v -28.5 19.3 -44.9
v -27.6 18.7 -45.4
v -24.2 21.5 -56.7
v -23.1 18.5 -52.8
v -22.4 17.6 -51.5
v -2.9 3.8 -37.4
v -2.8 3.4 -36.3
v -5.1 3.5 -36.9
v -7.5 3 -36.6
v -26.1 14.7 -47.8
v -16.8 10.6 -28.3
v -17 11.1 -29.2
v -14.5 9.5 -29.3
v -16.6 12.8 -55.9
v -13.9 13.4 -57.3
v -14 14.8 -58.7
v -23.4 -15.6 -42
v -23.1 -18.1 -43.5
v -22.9 -18.2 -42.5
v -21.1 -22.9 -44.4
v -24.6 21 -31.6
v -25 17.6 -28.3
v -24.1 18 -28.5
v -8.6 23.4 -47.9
v -5.7 25.4 -47.5
v -6.1 26 -49
v -21 8.6 -52.2
v -10 13 -49.5
v -6.5 16.1 -48.7
v -9.9 18.7 -54.3
v -8.7 19.5 -53.6
v -15.1 3.2 -64
v -15.4 3.3 -63.4
v -15.6 2.8 -61.7
v -6 -8.4 -38
v -6.7 -10.5 -38.7
v -3.5 -10.7 -38.9
v -16.1 23.8 -64.1
v -14.1 23.2 -62.4
v -16.8 22.6 -65
v -17.6 24.1 -64.7
v -16.4 23.1 -64.7
v 0.2 5.8 -52.1
v -2 5 -51.2
v -0.6 4.2 -51.2
v -3.1 30.4 -53.7
v -4.2 29.5 -52.6
v -2.2 31.4 -52.8
v -20.4 -9.7 -71
v -18.5 -12.4 -71.7
v -16.1 -5.9 -67.9
v -1.7 19.9 -38.3
v -1.5 19.3 -38.4
v -1.9 21.7 -39
v -14.8 1.1 -53.6
v -33.4 10.1 -52.7
v -38 10.2 -51.2
v -37.6 11.6 -51.2
v -29.2 21.1 -36.3
v -28.4 19.3 -38.5
v -28.9 18.1 -38.5
v -21.7 11.4 -25.7
v -23.1 10 -26.2
v -21 8.3 -26.7
v -10.5 -6.9 -37.2
v -14.1 -5 -36
v -9.3 -17.2 -40.1
v -7.8 25.4 -57.1
v -6.3 25 -56.3
v -7.6 24.6 -57
v -7.1 27.1 -56.1
v -9.4 25.7 -57.7
v -5.9 14.3 -41.6
v -6.9 13 -42.3
v -23.2 22.7 -53.7
v -23.8 23.8 -55.2
v -22.5 23.2 -53.6
v -22.6 24.6 -54.9
v -23.3 24.3 -55
v -10.5 10.1 -39
v -9.5 12 -39.6
v -13.3 7.1 -43.7
v -10.3 10.1 -45.3
v -16.3 7.4 -48.9
v -14.1 8.9 -48.5
v -14.6 7.3 -46.4
v -26.4 22.5 -36.9
v -25.7 21.6 -38.3
v -27.8 21.7 -37.5
v -24.3 22.3 -37.1
v -24.2 21 -39.1
v -25.1 22.1 -37.7
v 1.4 9.1 -59.2
v -3.5 8.9 -60
v -28.8 9.8 -36.2
v -27.7 8.5 -35.7
v -32.4 10.8 -38.7
v -31.3 11.2 -38.7
v -11.8 1.5 -36.5
v -13.8 0.6 -36.2
v -9.8 1.8 -35.6
v -11.6 2 -37.6
v -16.2 -29.1 -45.5
v -13.9 -30.2 -46.8
v -18.7 14.9 -41.1
v -20.3 16.4 -41.8
v -19.7 15.1 -40.5
v -17 12.8 -37.6
v -18.2 13 -37.1
v -17.5 12.6 -35.3
v -18.3 -16.4 -58.5
v -18 -16.4 -60.4
v -22.5 -8.6 -62.6
v -25.9 -4.8 -44.8
v -26.1 -5.3 -47
v -24.3 -11 -44.6
v -23.9 -11.5 -46.5
v -22.6 -1.4 -58
v -26.8 1.6 -55.6
v -24.1 0.3 -56.6
v -24.4 -1.5 -57.4
v -28.6 22.4 -34.9
v -27.7 22.5 -34
v -27.9 22.8 -35.3
v -28.3 21 -32.5
v -28.9 20.3 -32.9
v -22.7 -7 -66.8
v -21.8 -4.3 -65.6
v -19.6 -25.1 -43.8
v -18 -27.2 -44.2
v -21.6 -18.2 -41
v -21.6 -20.6 -42.2
v -20.7 -20.4 -41.5
v -20.1 -3.7 -67.8
v -18.4 -8.1 -70
v -20.4 -7.8 -70.3
v -17.7 6.1 -29.8
v -19.4 6.8 -28.4
v -19.2 5.4 -32.6
v -20.2 6.6 -29.4
v -10.5 17.5 -42.7
v -8.6 17.9 -41.7
v -9.7 19 -44.2
v -11.3 16.2 -41.1
v -21.6 14.4 -27
v -19.5 -16.5 -68.8
v -19.8 -15.8 -71.9
v -30.2 18 -43.1
v -31.6 17.2 -44.2
v -30.7 18.6 -45.4
v -27.9 16.7 -30.7
v -27.5 12.6 -33.1
v -27.3 14.3 -30.7
v -25.8 16.9 -28.4
v -27.5 17.6 -30
v -12 13.7 -38.4
v -13.8 13.1 -37.8
v -12.3 12.8 -36.5
v -10.9 13.1 -37.7
v -15.2 -20.1 -66
v -15.5 -20.2 -67.7
v -17 -17.7 -62.3
v -20 17.1 -43.5
v -19.3 16.2 -42.4
v -22.5 18.5 -41.6
v -22.1 19.2 -39.8
v -21.5 17.6 -42
v -1.7048 29.5919 -47.2328
v 2.5 3 -49.9
v 2.7 5.2 -51.5
v 3 4 -50.1
v -18.7 7.7 -51
v -18 6 -49.7
v -19.2 6.1 -50.8
v -15.6 5.9 -45.9
v -17.3 4.5 -48.4
v -17.1 5.9 -48.5
v -22.6 13.6 -50.2
v -20.9 12.9 -52.9
v -19.1 21.1 -50.7
v -19.4 19.6 -49.3
v -18.1 20.5 -49.7
v -20 17.6 -45.3
v -22.6 21.3 -36.9
v -22.5 -10.6 -70
v -21.9 -12.6 -70.7
v -22.2 -10.3 -70.5
v -22.9 2 -37.9
v -20.2 3.4 -36
v -9.7 26.3 -57.4
v -12.5 25.7 -59.2
v -8.7 27 -56.1
v -11.5 26.3 -57.5
v -24.7 17.1 -45.2
v -25.5 16 -46.8
v -27.9 18.3 -46.2
v -26.4 17.5 -45.8
v -27.3 -1.5 -44.5
v -27.4 0.6 -42.5
v -21.8 16.7 -50.5
v -21.3 17.1 -48.7
v -21.2 17.6 -49.9
v -21.8 16 -49.5
v -16.2 3.1 -47.2
v -11.9 2.6 -42.8
v -9.8 2.6 -41.9
v -10.2883 -25.2092 -58.8017
v -14 -23.5 -54.8
v -16.2 9.4 -52.8
v -24.8 -7.6 -51.4
v -24.4 -3.4 -57.9
v -24.1 -5.4 -58.1
v -2.8 29.9 -55
v -1.6372 31.5031 -54.8209
v -15.2 -8.3 -68.8
v -13.2 -7.8 -68.2
v -14.3 -10.7 -69.9
v -5.8 -10.7 -68.4
v -14.6 -21.2 -72.9
v -17.3 -18.5 -72.2
v -15.8 -16.8 -72.8
v -19.4 -15.4 -72.2
v -36 6.7 -39.9
v -24.7 24 -59.2
v -23.9 21.6 -58.7
v -18.9 25.1 -64.2
v -17.2 25 -63.7
v -25.9 9 -33.2
v -26.6 11.1 -32.3
v -26.9 10.3 -33.6
v -27.4 3.5 -39.4
v -27.9 2.5 -40.9
v -13 2.6 -38.8
v -14 3.7 -38.6
v -13.9 4.5 -42.1
v -13.2 3.2 -42.3
v -8.9 -3.1 -65.5
v -19.6 -24.9 -45.8
v -19.8 -25.2 -44.8
v -35 13.9 -50
v -34 15.3 -47.9
v -33.3 14.8 -49.2
v -34.2 13 -51.1
v -12.9 8.4 -32
v -29.7 5.4 -54.4
v -18 3.8 -35.5
v -17.2 5.6 -31.5
v -17.7 4.5 -34.3
v -22.3 -16 -47.6
v -22.4 -18 -45.9
v -17.4 -19.3 -54.6
v -17 -21 -52.7
v -9.4778 -23.8634 -72.8954
v -12.8 -22.3 -72.8
v -12.1 1.9 -51.2
v -8.2 3.2 -50
v -12.3 2.1 -53.4
v -13.8 1.6 -54.6
v -33 16.3 -46
v -31.8 17.5 -45.3
v -34.6 3.9 -50.2
v -35.7 4.6 -48.2
v -37.6 5.7 -49.1
v -38.4 6.1 -46.8
v -35.1 4.6 -46.4
v -37.7 5.9 -45.1
v -10.7 10.4 -46.8
v -13.9 7.2 -45.1
v -12.6 10.6 -49.6
v -17.3 11.7 -30.2
v -13.4 11.1 -32
v -14 11.6 -32.4
v -14.8 10.2 -29.6
v 2.718771 -3.61255 -36.26995
v 2.136223 -3.663635 -36.29646
v 1.521 -5.6013 -37.1
v 2.038366 -3.672217 -36.30092
v 1.549832 -3.715058 -36.32315
v 1.356638 -3.732 -36.33195
v 1.106234 -3.669278 -36.30848
v -0.4 -4.1 -36.5
v 4.99559 0.1678713 -49.59869
v 4.642087 -0.4190809 -48.85422
v 4.238616 -1.089 -48.00452
v 3.837464 -1.75507 -46.56728
v 3.46169 -2.379 -45.22097
v 3.189262 -2.831336 -43.61495
v 2.902785 -3.307 -41.92611
v 2.785665 -3.501464 -40.41375
v 2.64682 -3.732 -38.62086
v 2.683929 -3.670384 -37.40818
v 2.714507 -3.619612 -36.40892
v -10.7 16.2 -53.9
v -10.9 17.8 -55.3
v -2.2 3.1 -47.1
v -3.7 3.8 -47.9
v -3 3.7 -46.1
v -16.4 21 -64.5
v -14.2 19.1 -62.5
v -15.7 21.5 -64.3
v -6.4 17.7 -40.5
v -8.2 17.5 -41
v -11.7 14.8 -39.8
v -9 16.2 -40.3
v -13.3 24.6 -60.7
v -15.5 24.4 -62.7
v -3.7 5.8 -53.2
v -8.5 3.6 -52.5
v -23.4 26.3 -60.7
v -21.8 26.1 -62.3
v -19.9 26.4 -60.8
v -22.4 2.3 -54.5
v -21.7 4 -53
v -20.3 4.4 -51.9
v -20.6 14.8 -29.7
v -19.8 13.5 -29.6
v -20.2 14.9 -34.3
v -18.8 13.7 -32.9
v -20.9 17.4 -44.5
v -21.7 17.4 -43.7
v -20.8 17.2 -42.8
v -14.7 13.3 -39.1
v -13.6 14.1 -40.1
v -11.1 14.5 -39.3
v -21.4 -13.6 -68.5
v -21.1 -14.7 -70.5
v -20 -16.4 -70.7
v -22.4 10.7 -25.7
v -22.3 14 -26.5
v -23.1 13.6 -26.3
v -28.8 14.3 -36.3
v -28.8 12.1 -36.2
v -28.4 13 -35.2
v -1.5 3.9 -50.7
v -2.2 3.6 -49.8
v -2.5 3.2 -48.5
v -20.1 -5.8 -69.3
v -21.6 -5.6 -68.7
v -22.1 -5.8 -68.1
v -18 13.6 -39.5
v -14.1 12.4 -35.5
v -19 -5.9 -36.8
v -9.6 2.5 -40.3
v -7.5 3 -39
v -25.3 -7.2 -47
v -24.6 -9.3 -46.9
v -25.3 -7.4 -49.1
v -28.9 17.4 -39.4
v -28.4 18.5 -39.2
v -28.6 18 -40
v -29 17.7 -40.9
v -29.3 16.9 -40.4
v -1 23.7 -53.4
v 0.163 24.0877 -53.5292
v -1.8 25.5 -55.2
v -3.3 25 -55.1
v -17.4 24.2 -54.3
v -14 25 -54.7
v -11.4 5.2 -62.7
v -13 4.1 -63.5
v -21.3 -11.3 -61.5
v -20.8 -12.3 -59.4
v -22.5 -9.2 -59
v -16.7 15 -58.5
v -15.1 13.6 -57.3
v -9.1 24.2 -49.4
v -7.9 25.8 -50.6
v -9.6 25.7 -52.3
v -5.4 28.6 -52.6
v -6.413 -18.7748 -72.8916
v -8.0477 -21.489 -73.5148
v -16.9 -18.5 -40.6
v -15.1 -14.9 -39.5
v -14.1 -13.5 -39.2
v -14 -10.8 -38.3
v -5.4 16.2 -40.3
v -23.7 -15.6 -44.4
v -22.2 -20.6 -43.9
v -0.7 19.5 -46.7
v -0.7 20.1 -48.2
v -0.7 20.9 -49.5
v -2.6 22.2 -52.1
v 1.5 9.1 -60.1
v 4.6184 8.4171 -59.6868
v -13.7 5.3 -37.6
v 1.4 8.4 -60.7
v -8.3 4.1 -62.8
v -37.3 12.7 -50.8
v -26.5 7.2 -35.6
v -13.6 17.7 -61.4
v -30.4 11.7 -38.5
v -29.4 11.1 -37
v -7.4 2.7 -35.7
v -5 3.2 -36
v -2.7 2.8 -35.7
v -7.2 2 -35.2
v -0.7 18.2 -39.7
v -1.2 18.8 -38.6
v -8.9 20.8 -45.4
v -22.4 -3.3 -60
v -17.9 18.2 -62.4
v -4.9 28.4 -54.9
v -4.1 29.4 -54.3
v -23.3 22.2 -35.3
v -27.5 -2.4 -53.9
v -6.7 1.7 -63.2
v -11.6 24.1 -60
v 2.3 3.5 -45.7
v -23.3 11.3 -51
v -22.7 10.4 -51.7
v -22 12 -51.9
v -19.8 -17.9 -50.9
v -19.8 -16.2 -52.8
v -22.8 23.7 -62.3
v -24.2 23.8 -61.2
v -24.6 23.3 -59.6
v -19.2 4.5 -50.8
v -18.2 4.5 -49.7
v -15.7 2.3 -60.7
v -23.7 25.2 -56.7
v -23 25.6 -56.7
v -20.1 24.8 -55.1
v -18.3 25.1 -56.2
v -22.1 25.8 -56.7
v -10.6 12.5 -37.8
v -10.4 11.1 -38.4
v -21.7 23.7 -53.7
v -22.3 21.6 -52.6
v -17.7 8.6 -51.8
v 1.4 5.7 -52.1
v -30.3 18.7 -46.3
v -29.9 19 -44.4
v -29.6 19.3 -45.2
v -29 19.2 -44.1
v -29 18.4 -42.4
v -1.7834 31.8091 -53.8926
v -22 -3.5 -61.2
v -22.5 -5.4 -63.7
v -21.6 -3.8 -63.9
v -14.2 -20.6 -73.2
v -10.8 -22.5 -73.2
v -35 11.9 -39.6
v -20.5 -12.8 -62.8
v -22 -10.7 -65
v -22.1 -9.6 -60.5
v -12.4 1.7 -49
v -5.1 17.4 -48.5
v -4.9 16.7 -47.1
v -24 -6.7 -57
v -26.5 -3.6 -54.4
v -21.5 17.5 -40.2
v -20.6 15.6 -39.8
v -21 16.8 -41.1
v -25 17.6 -43.5
v -26.1 18 -44.6
v -23.7 25.9 -58.6
v -24.1 24.7 -56.9
v -10.8202 -26.0924 -55.235
v -24 21.3 -54.7
v -22.8 19.2 -52.1
v -8.2 -7.6 -37.6
v -8.4 -15.9 -39.9
v -8.3 -13.6 -39.5
v -18 14.8 -56.7
v -21 15.6 -54.2
v -22.1 17.3 -54.5
v -4.7 0.4 -35.3
v -4.5 -1.1 -35.6
v -6.1 -3.2 -36.1
v -17.7 15 -41.6
v -16.8 13.7 -40
v -15.9 12.9 -38.2
v -22.4 -18.2 -41.7
v -22.2 -16.1 -40.4
v 0.6676 -7.0183 -65.8437
v -2.1 -7.4 -66.3
v -23.3 17.4 -43.6
v -22.3 17.8 -42.8
v -28.9 19.1 -45.9
v -29.6 18.2 -46.9
v -27.4 21.6 -32.5
v -26.8 20.4 -31
v -28.6 22 -34
v -6.9 13 -43.3
v -4.5 15.5 -43.1
v -21.8 -10 -70.8
v -21.9 -7.8 -69.9
v -23.2 7.8 -52.3
v -22.9 -2.9 -59
v -13.4 2.3 -45.1
v -11.3 -23.5 -62.4
v -13.8 -21.3 -62.3
v -15 -20.1 -64.2
v -16.4 19.2 -47.1
v -12.6 17.3 -43.7
v -17.8 18.5 -46.6
v -4.5105 -15.6158 -40.1579
v -28.9 11.3 -50.9
v -26.5 9.4 -51.2
v -26.8 10.5 -50.1
v -28.4 18.2 -41.3
v -28 18.3 -40.4
v -29.6 17.7 -42.1
v -19.2 13.6 -36.6
v -19.9 14.4 -38.3
v -19 13.9 -38.9
v -27 23 -35.5
v -10.2 -17.1 -72.6
v -12.6 18.5 -60.6
v -12.1 15.6 -57.7
v -0.9823 24.9 -40.7309
v -2.6 25.2 -42.8
v -18.4 -12.6 -38.7
v -16.1 -11 -38.3
v -19.1 -14.5 -39.3
v -9.5 15.3 -51.2
v -22 15 -50.4
v -22.3 15.6 -48.6
v -22.2 14.3 -51.3
v -21.3 14.6 -53.3
v -21.9 13.7 -52.2
v -24.6 7.6 -33.1
v -9.2 0.3 -34.8
v -22.6 25.2 -62.7
v -19.6 24.1 -64.5
v -22.8 24.5 -62.6
v -11.2 25.1 -52.5
v -9.5 26.3 -53.5
v -16.9 9.4 -53.4
v -14.3 11.9 -56
v -1.5 27.8 -56
v -0.4191 27.1589 -56.2959
v -9.8 -11.9 -69.7
v -7.1 -9.9 -68.3
v -7.8 -11.3 -69
v -10.4 -13.4 -70.5
v -13.6 5.8 -42
v -3.7 4.8 -50.8
v -2.8 4.3 -50.1
v -24.2 15.5 -47.1
v -14.6 4.7 -36.3
v -18.8 -17.8 -70.8
v -21.1 -14.5 -71.1
v -20 -16.1 -71.3
v -20.5 18.6 -49.5
v -33.1 2.6 -49
v -26.1 13.5 -28.6
v -22.4 -3.8 -39.6
v -22.2 -1.7 -39
v -27.5 4.9 -54.3
v -24.9 1.3 -55.9
v -21.2 -12 -71.5
v -21.2 -9.8 -71
v -22.3 20.4 -38.4
v -23.1 21.9 -37
v -29.2 21.3 -34.4
v -29.3 20.4 -35.1
v 0.6753 20.5298 -48.114
v -6.1 24.1 -55.9
v -8.7 23.1 -57.4
v -17.2 -17.7 -64.2
v -21.3 26.4 -61.9
v -18.5 25.4 -63.8
v -19.2 26.1 -62.3
v 5.104424 2.899 -47.07635
v 5.370383 2.28677 -48.57122
v 5.595742 1.768 -49.8379
v 5.728345 1.384478 -50.31025
v 6.343 2.405 -62.2581
v -13.7 -13.1 -71
v -17.5 -13.6 -72.1
v -15.6 -9.7 -69.7
v -34.3 6.6 -39.1
v -29.7 3.2 -54.7
v -9.7566 -24.3263 -72.2908
v -17.9 -4 -36
v -14.7 25.8 -58
v -23.1 3.6 -53.9
v -23 0.8 -56
v -8.2 11.5 -43.1
v -29.4 8.5 -36.8
v -29.7 6.7 -37.8
v -8.2 7.4 -60.6
v -6 8.1 -59.9
v -10 6.4 -61.3
v -37.1 13.7 -46.8
v -36 13.7 -42.8
v -36.6 13.8 -44.8
v -35.4 14.4 -44.9
v -23.4 -7.3 -58.3
v -23.9 8.8 -51.9
v -26 8.4 -52
v -21.8 9.4 -52.2
v -10.5 -5.8 -66.9
v -9.8 -8.1 -67.9
v -10.5 -9.6 -68.6
v -10.2 22.5 -48.1
v -31.4 3.2 -43.8
v -10.9 -9.6 -38.1
v -11.1 -12.1 -39
v -9.1 -12.3 -39.1
v -28.4 17.5 -47.1
v -14 16.7 -43
v -9.7 2.4 -37.4
v 2.9 2.8 -49.1
v 2.9 2.7 -48.1
v 3.5 3.7 -49
v 2.3079 -4.2947 -64.6237
v -18 23.7 -65
v -19.3 24.6 -64.5
v -12.1108 -28.2353 -50.4088
v -13.4243 -30.4162 -46.8649
v -22.6 -5.9 -65.1
v 0.0567 19.9919 -37.7946
v -2.4 17.5 -39.7
v -0.9 18.4 -39.1
v -20.4 -22.8 -42.6
v -22.1 -20.6 -43
v -21.3 -11.9 -64.5
v -22.5 -10.5 -67
v -7.8 14.6 -40.2
v -6.3 14.9 -40.6
v 3.138841 3.479653 -41.37842
v 3.3 3.7 -44.4
v -3.3 25.6 -44.3
v -1.6579 28.9701 -45.7047
v -2.7 27.4 -45.7
v -30 16.7 -41.5
v -11.4 13.5 -37.9
v -10.6 14.3 -39
v -9.7 15 -39.6
v 0.0078 25.0616 -54.8077
v -1.3 24.6 -54.5
v -29.4 15.9 -39.5
v -29.1 15.5 -37.4
v -6.8 17.3 -50.1
v -17.4 12.5 -31.6
v -20.3 15 -31.1
v -18.6 13.1 -31.2
v -6.1 27.8 -55.2
v -18.2 -27.3 -45.1
v -18.5 8.9 -52.3
v -12 16.8 -42.3
v -13.4 4.5 -63.1
v -7.4863 -20.5568 -41.1672
v -5.8662 -17.8669 -40.5834
v -15.4 10.4 -54.7
v -5.1 5.7 -54.3
v -5.8 4.2 -50.2
v -4.6 4.2 -49.3
v -28.3 14 -34.1
v -6.2 20.6 -42.4
v -5.4 19.3 -40.6
v -11.6 -19.9 -73.3
v -13.7 -20 -73.2
v -16.5 -17.5 -72.7
v -24.7 -8.8 -44.9
v -24.5 -6.2 -43.1
v -25.2 -6.7 -45
v -14.7 10.4 -54.1
v -30.8 0.7 -51.4
v -31.9 2.7 -52.5
v -21.8 17.1 -45.6
v -19.5 4.9 -33.9
v -22.1 19 -31.8
v -21.4 17.3 -31.9
v -27.7 18.7 -39.7
v -4.3 26.5 -47.3
v -10.5 11.9 -38
v -11.8 10.7 -34.2
v -18.8 11.1 -26.8
v -20.4 12.6 -26.5
v -21.1 14.6 -27.6
v -20.5 -15.1 -68.7
v -21.5 -12.6 -67.1
v -19 -16.5 -67.5
v -32.9 16.1 -44.7
v -1.2 -6.2 -65.8
v -13.1 2.3 -55.8
v -18.9 -15.1 -60.6
v -20.1 -14.7 -55
v -18.4 -17.8 -54.6
v -35.1 9.6 -37.7
v -33.6 10.7 -38.5
v -2.3 20.2 -49.6
v -5.3 18.4 -49.9
v -2.7 23 -53.4
v -12.4 -10.1 -69.3
v -15.2 22.4 -64
v -1.3 8.2 -57.4
v -28.8 -0.7 -46.4
v -6.6 27.3 -51.8
v -4.8 18 -39.9
v -4.4 17.5 -39.8
v 0.7163 18.7025 -42.3013
v -21.3 -7.7 -70.2
v -20.9 -5.6 -69.1
v -13.2 16.4 -60
v -10.3 5.8 -59.6
v -38.6 8.7 -50.6
v -7.6 2.9 -62.9
v -10.3 0.5 -64.3
v -10.9 4.6 -63
v -1.4 -7.4 -37.6
v -10.1013 -24.8988 -60.5999
v -16 -25.1 -49.6
v -18.3 16.3 -42.9
v -18.6 -17.2 -72.1
v -16.5 14 -57.1
v -19.5 14.8 -54.8
v -11.4 12.5 -50.8
v -16.8 10 -27.7
v -20.2 15.2 -32.7
v -15.3 2.2 -47.6
v -6.8 18.3 -40.9
v -7.2 18.9 -41.7
v -23.1 15.4 -47.7
v -22.2 20.4 -36.7
v -19.9 -16.1 -39.8
v -7.3012 -20.2495 -73.3249
v -1.8714 31.8518 -52.8411
v -3 30.2 -54.4
v -14.3 -16.2 -40
v -13.7 -1.1 -65.4
v -22.5 12.8 -51.1
v -7.5 14.1 -40.4
v -30.7 13.2 -39.9
v -3.8 -4.4 -36.6
v -17.2 -10.3 -70.5
v -13.9 -21.4 -60.4
v -12.9 10.4 -31.7
v -1.9 20.7 -38.5
v -0.1528 20.7595 -37.6124
v -15.5 24.9 -55.2
v -20.3 21.6 -51.7
v -16.9 -18.1 -72.6
v -28.7 4.1 -54.7
v -27.7 0.7 -55.4
v -39 6.6 -48.4
v -15.1 -3.7 -35.3
v -29.2 -1 -48.3
v -37.3 13.5 -49.9
v 4.9234 4.1423 -48.9423
v -21.17323 -2.728349 -61.8063
v -32.7 16.3 -47.2
v -13.1996 -30.0431 -44.2286
v -13.4974 -30.5375 -44.9413
v -22.2 20.2 -34.9
v -23.1 21 -52.9
v -23.8 22.1 -54.1
v -24.4 9.7 -51.2
v -5 25.5 -55.8
v -23.7 -4 -58.8
v -22.5 16.9 -52.4
v 4.075873 3.456569 -43.1287
v -8.6 15.7 -40.1
v -13.4 7.2 -32.1
v -27.5 22.7 -36.6
v -21.5 -9.4 -38.2
v -8.1 -16.3 -72
v -35.7 7.3 -38.7
v -24.3 24.6 -61.2
v -6.1 -11.7 -39.2
v -0.7 3.7 -37.6
v -18.9 -19.6 -50.9
v -17.9 7.9 -27.5
v -20.3 8.9 -26.3
v -23.7 -15.5 -43
v -19 6.1 -30.2
v -17.9 -16.4 -62.4
v -26.2 -5.3 -51
v -23.5 19.5 -54.1
v -5.4 28.2 -51.6
v -3.1 30.2 -51.5
v -14.8 17.1 -61.7
v -16.4 -16.1 -39.9
v -14.7 5.8 -44.7
v -9.8882 -24.5449 -70.5
v -0.5033 22.3285 -38.3016
v -30.2 2.3 -44.2
v -21.3 16.4 -39.1
v -23.6 20.2 -53.4
v -29 16.5 -36.4
v -1.4505 30.9495 -55.4386
v -6.1 14.5 -41
v -12.6742 -29.1707 -43.5465
v 5.5398 5.3024 -61.4
v -21.9 24.9 -55
v 4.774842 3.435403 -44.44933
v -11.3 1.9 -47.8
v -17.2 22.2 -65.1
v -4.6 28 -55.4
v 0.1992 -7.796 -37.8984
v -14.8 20.5 -63.5
v -14.4 -21.4 -69.5
v 5.490923 0.9902827 -50.13275
v 5.116127 0.368 -49.85254
v -12.7 -22.6 -60.4
v -28.7 4.4 -39.3
v -9.5 1.2 -35
v 1.244813 3.513353 -37.88992
v 1.183853 3.511615 -37.78838
f 1765 560 224 
f 1675 560 1765 
f 527 1545 811 
f 527 550 1545 
f 1436 1435 1650 
f 1435 1651 1650 
f 561 1719 562 
f 103 561 92 
f 561 103 1719 
f 92 561 91 
f 1711 1137 1297 
f 1297 1137 1139 
f 848 990 847 
f 848 1352 990 
f 1159 1100 1465 
f 1100 1159 1101 
f 717 719 593 
f 1061 717 593 
f 1670 1320 1669 
f 1669 1320 966 
f 555 978 1674 
f 1252 555 1674 
f 215 1510 1508 
f 1510 1509 1508 
f 550 549 1573 
f 1308 1573 549 
f 124 1050 128 
f 913 1702 1465 
f 735 1702 913 
f 497 439 438 
f 497 1603 439 
f 453 1603 460 
f 1603 453 439 
f 499 1603 497 
f 1371 857 1689 
f 1689 695 1371 
f 1717 1041 1431 
f 764 1041 1717 
f 543 1469 1126 
f 1126 1469 263 
f 1156 1790 986 
f 606 1790 1156 
f 287 534 536 
f 534 287 1177 
f 924 1503 697 
f 924 923 1503 
f 1576 1577 793 
f 1794 793 1577 
f 1122 1608 1123 
f 674 1608 1122 
f 691 1420 1154 
f 1664 1420 691 
f 669 668 513 
f 513 668 1338 
f 847 1730 1175 
f 1175 1730 631 
f 1465 1466 533 
f 1317 533 1466 
f 1486 1700 1793 
f 1793 1487 1486 
f 928 1302 929 
f 929 1302 1644 
f 1178 734 730 
f 734 1178 735 
f 866 1585 958 
f 1585 866 1358 
f 34 509 27 
f 1787 217 1635 
f 217 1787 873 
f 1460 1705 889 
f 1459 1705 1460 
f 1254 1672 1144 
f 495 1144 1672 
f 1211 1589 1590 
f 946 1590 1589 
f 1394 1711 1647 
f 1711 1648 1647 
f 1423 1070 1745 
f 1072 1070 1423 
f 895 1679 892 
f 892 1679 619 
f 1553 1375 1376 
f 1553 1374 1375 
f 1236 751 750 
f 1235 751 1236 
f 1354 1698 587 
f 1697 587 1698 
f 1390 1002 1389 
f 1003 1389 1002 
f 583 988 1729 
f 988 583 582 
f 167 1414 168 
f 368 548 547 
f 368 1796 548 
f 368 374 1796 
f 1797 1796 374 
f 386 1759 384 
f 407 384 1759 
f 1759 404 407 
f 1797 374 373 
f 1687 761 1768 
f 1768 761 763 
f 203 738 202 
f 736 738 203 
f 1756 1568 893 
f 1568 1756 1218 
f 1458 1758 1031 
f 1031 1758 1032 
f 1474 1191 1597 
f 997 1191 1474 
f 1768 1042 1364 
f 764 1364 1042 
f 1048 1393 1609 
f 1393 1048 856 
f 529 1766 500 
f 1766 529 528 
f 8 1780 1068 
f 1780 8 857 
f 855 250 853 
f 853 250 249 
f 223 1671 1141 
f 1669 1141 1671 
f 1421 1076 787 
f 787 1076 264 
f 1431 1043 1716 
f 1209 1431 1716 
f 446 449 1462 
f 446 1462 454 
f 1462 467 454 
f 1691 1482 1333 
f 1482 1691 1548 
f 1638 1490 1598 
f 1598 1139 1638 
f 518 1606 760 
f 882 1606 518 
f 743 1499 610 
f 1104 1499 743 
f 653 1186 654 
f 1300 654 1186 
f 960 1659 803 
f 1659 960 1241 
f 1504 1693 1385 
f 1385 1693 780 
f 782 1505 725 
f 725 1505 1504 
f 916 821 1736 
f 820 1736 821 
f 840 842 1230 
f 1230 842 931 
f 1131 1044 1548 
f 1044 1131 1130 
f 1554 1064 1747 
f 219 1747 1064 
f 1349 1627 222 
f 1628 1627 1349 
f 500 1110 501 
f 1110 500 1342 
f 1393 858 1610 
f 858 857 1610 
f 971 1392 1611 
f 1611 1392 973 
f 903 906 904 
f 904 906 908 
f 1778 568 710 
f 709 1778 710 
f 951 1225 952 
f 1223 1225 951 
f 183 1413 190 
f 186 1413 183 
f 791 1148 1147 
f 1542 1148 791 
f 1080 747 491 
f 1079 747 1080 
f 815 1214 1249 
f 1436 1249 1214 
f 931 1532 1230 
f 786 1532 931 
f 1794 1226 793 
f 1226 1794 253 
f 110 105 879 
f 106 879 105 
f 879 116 110 
f 879 122 115 
f 116 879 115 
f 996 570 572 
f 1429 570 996 
f 1085 950 1399 
f 272 1399 950 
f 880 1001 1759 
f 1003 1001 880 
f 789 915 1626 
f 1626 915 1751 
f 759 903 1203 
f 905 1203 903 
f 967 1320 1670 
f 967 1670 1439 
f 1594 1456 1060 
f 1456 718 1060 
f 600 1695 809 
f 809 1695 1052 
f 1518 1795 878 
f 878 1795 1096 
f 1441 1785 512 
f 552 1785 1441 
f 865 864 674 
f 674 864 1433 
f 1593 1775 252 
f 252 1775 916 
f 1562 1561 325 
f 324 322 1561 
f 322 321 1561 
f 321 325 1561 
f 343 1562 326 
f 343 342 1562 
f 342 345 1562 
f 345 347 1562 
f 347 356 1562 
f 1791 1562 356 
f 1563 1562 1791 
f 325 326 1562 
f 337 327 1560 
f 327 306 1560 
f 306 308 1560 
f 308 310 1560 
f 310 303 1560 
f 303 302 1560 
f 302 324 1560 
f 1561 1560 324 
f 1791 356 1792 
f 359 1792 357 
f 356 357 1792 
f 556 337 557 
f 556 942 337 
f 331 330 942 
f 330 335 942 
f 335 336 942 
f 336 337 942 
f 1560 557 337 
f 1792 359 1277 
f 379 1278 362 
f 380 1278 379 
f 383 1278 380 
f 403 1278 383 
f 362 1278 358 
f 1277 359 1278 
f 1278 359 358 
f 331 942 1750 
f 1784 1750 944 
f 1750 1618 331 
f 1618 546 331 
f 546 548 348 
f 548 1796 363 
f 1796 1797 366 
f 373 367 1797 
f 367 366 1797 
f 366 363 1796 
f 363 351 548 
f 351 349 548 
f 349 348 548 
f 348 332 546 
f 332 331 546 
f 1750 942 944 
f 399 1279 400 
f 400 1279 402 
f 1278 403 1279 
f 403 402 1279 
f 421 1280 422 
f 422 1280 398 
f 1279 399 1280 
f 399 398 1280 
f 1280 421 1281 
f 433 431 1281 
f 430 1281 431 
f 433 1281 420 
f 1281 421 420 
f 430 1282 1281 
f 443 1282 442 
f 1282 443 445 
f 442 1282 441 
f 429 1282 430 
f 429 441 1282 
f 1283 452 451 
f 452 1283 440 
f 445 1283 1282 
f 437 1283 445 
f 437 440 1283 
f 451 1284 1283 
f 450 1284 451 
f 1284 450 458 
f 462 1274 459 
f 1274 462 1275 
f 1275 462 471 
f 458 1274 1285 
f 458 1285 1284 
f 457 1274 458 
f 457 459 1274 
f 1274 1286 1285 
f 1273 1286 1274 
f 1286 1273 1272 
f 1286 1270 1287 
f 1270 1286 1272 
f 1287 1270 1269 
f 2 3 1 
f 4 1 3 
f 6 7 5 
f 7 8 5 
f 10 11 9 
f 9 11 12 
f 14 15 13 
f 13 16 14 
f 18 19 17 
f 21 22 20 
f 22 21 23 
f 24 23 21 
f 26 24 25 
f 24 26 23 
f 28 23 27 
f 30 31 29 
f 23 28 31 
f 29 31 32 
f 22 30 33 
f 30 22 31 
f 23 31 22 
f 27 23 34 
f 35 34 23 
f 21 37 36 
f 20 37 21 
f 37 20 38 
f 39 38 20 
f 41 32 40 
f 43 32 42 
f 42 32 44 
f 32 43 45 
f 32 31 46 
f 47 46 31 
f 49 50 48 
f 38 50 49 
f 38 49 37 
f 51 50 38 
f 51 52 50 
f 54 55 53 
f 53 55 45 
f 56 57 55 
f 55 57 45 
f 58 45 57 
f 45 43 59 
f 53 45 59 
f 52 60 50 
f 60 52 61 
f 62 61 52 
f 63 64 56 
f 65 56 64 
f 56 55 66 
f 63 56 66 
f 61 68 67 
f 61 67 60 
f 68 61 69 
f 70 69 61 
f 72 73 71 
f 73 64 71 
f 64 63 74 
f 71 64 74 
f 69 75 68 
f 76 75 69 
f 78 79 77 
f 80 72 79 
f 79 72 77 
f 71 77 72 
f 76 82 81 
f 76 81 75 
f 83 82 76 
f 83 84 82 
f 86 87 85 
f 88 89 87 
f 89 85 87 
f 85 80 86 
f 80 79 90 
f 86 80 90 
f 84 92 91 
f 94 95 93 
f 96 95 84 
f 92 95 94 
f 84 91 82 
f 92 84 95 
f 98 99 97 
f 99 87 97 
f 87 86 100 
f 97 100 101 
f 97 87 100 
f 103 104 102 
f 104 103 105 
f 94 103 92 
f 106 103 94 
f 106 105 103 
f 108 98 107 
f 97 107 98 
f 105 109 104 
f 110 109 105 
f 112 108 111 
f 108 107 113 
f 111 108 113 
f 109 115 114 
f 109 110 115 
f 116 115 110 
f 118 112 117 
f 111 117 112 
f 119 120 115 
f 120 122 121 
f 124 119 123 
f 125 119 124 
f 127 114 126 
f 125 124 128 
f 129 114 125 
f 130 114 127 
f 114 130 131 
f 126 114 129 
f 115 125 114 
f 133 134 132 
f 135 136 134 
f 136 137 134 
f 134 137 118 
f 138 139 137 
f 139 118 137 
f 134 118 132 
f 117 132 118 
f 141 142 140 
f 144 140 143 
f 141 140 144 
f 141 144 119 
f 145 142 141 
f 145 146 142 
f 148 149 147 
f 149 148 150 
f 130 150 148 
f 150 130 151 
f 151 130 152 
f 153 130 127 
f 153 152 130 
f 155 135 154 
f 135 134 154 
f 134 156 154 
f 158 159 157 
f 146 157 160 
f 142 160 161 
f 146 160 142 
f 158 157 146 
f 159 158 162 
f 149 164 163 
f 163 164 165 
f 164 149 166 
f 167 166 149 
f 167 149 150 
f 166 167 168 
f 170 171 169 
f 171 155 169 
f 155 154 172 
f 169 155 172 
f 174 175 173 
f 176 173 175 
f 157 159 176 
f 176 159 173 
f 178 165 177 
f 178 179 165 
f 180 181 179 
f 181 165 179 
f 182 165 181 
f 164 177 165 
f 183 184 170 
f 185 170 184 
f 170 169 183 
f 183 169 186 
f 188 189 187 
f 175 174 189 
f 174 187 189 
f 191 188 190 
f 187 184 188 
f 188 184 190 
f 183 190 184 
f 192 18 17 
f 194 195 193 
f 193 195 196 
f 197 198 2 
f 2 198 199 
f 201 202 200 
f 201 203 202 
f 205 206 204 
f 207 204 206 
f 209 210 208 
f 211 210 209 
f 213 214 212 
f 215 214 213 
f 217 218 216 
f 219 216 218 
f 17 221 220 
f 220 221 222 
f 224 225 223 
f 225 224 226 
f 228 229 227 
f 227 229 230 
f 229 228 231 
f 228 232 231 
f 234 235 233 
f 233 236 234 
f 238 239 237 
f 237 239 240 
f 48 242 241 
f 242 50 60 
f 242 60 67 
f 242 48 50 
f 243 241 242 
f 245 246 244 
f 245 244 247 
f 249 250 248 
f 248 251 249 
f 253 254 252 
f 254 253 255 
f 257 258 256 
f 256 258 259 
f 261 262 260 
f 263 262 261 
f 265 266 264 
f 266 265 267 
f 269 270 268 
f 268 270 271 
f 273 274 272 
f 274 273 275 
f 277 278 276 
f 279 278 277 
f 281 282 280 
f 280 282 199 
f 284 285 283 
f 285 284 238 
f 287 288 286 
f 286 288 289 
f 291 292 290 
f 291 290 293 
f 295 296 294 
f 295 297 296 
f 298 296 297 
f 299 300 294 
f 299 294 296 
f 229 298 230 
f 231 301 229 
f 301 298 229 
f 298 297 230 
f 303 304 302 
f 305 302 304 
f 307 308 306 
f 309 310 307 
f 310 308 307 
f 310 309 303 
f 304 303 309 
f 311 312 309 
f 312 304 309 
f 305 314 313 
f 305 304 314 
f 315 316 313 
f 305 313 316 
f 316 299 305 
f 299 296 317 
f 305 299 317 
f 301 232 318 
f 320 318 319 
f 319 318 232 
f 301 231 232 
f 322 323 321 
f 322 305 323 
f 305 324 302 
f 305 322 324 
f 325 321 323 
f 325 323 326 
f 327 328 306 
f 307 306 328 
f 330 331 333 
f 332 333 331 
f 333 329 330 
f 334 335 329 
f 335 330 329 
f 335 334 336 
f 336 334 337 
f 337 334 327 
f 328 327 334 
f 339 340 338 
f 338 340 341 
f 320 341 340 
f 320 319 341 
f 342 323 344 
f 323 342 343 
f 326 323 343 
f 342 344 345 
f 347 344 346 
f 345 344 347 
f 349 350 348 
f 333 348 350 
f 351 350 349 
f 348 333 332 
f 353 354 352 
f 355 352 354 
f 355 339 352 
f 338 352 339 
f 356 347 346 
f 356 346 357 
f 358 346 360 
f 346 359 357 
f 346 358 359 
f 362 360 361 
f 358 360 362 
f 363 364 351 
f 350 351 364 
f 367 368 366 
f 368 365 366 
f 369 370 365 
f 370 371 365 
f 371 364 365 
f 366 365 363 
f 364 363 365 
f 372 350 364 
f 373 374 367 
f 368 367 374 
f 376 377 375 
f 375 377 378 
f 355 354 377 
f 377 354 378 
f 362 361 379 
f 380 361 381 
f 361 380 379 
f 383 381 382 
f 380 381 383 
f 384 385 365 
f 369 365 385 
f 384 365 386 
f 388 389 387 
f 388 390 389 
f 390 391 389 
f 392 393 391 
f 391 393 389 
f 394 389 393 
f 388 387 395 
f 395 387 396 
f 397 376 387 
f 377 376 397 
f 387 376 396 
f 401 400 382 
f 400 401 399 
f 401 398 399 
f 382 403 383 
f 382 402 403 
f 402 382 400 
f 404 405 384 
f 406 384 405 
f 385 384 406 
f 404 384 407 
f 409 410 408 
f 410 411 408 
f 411 412 389 
f 413 414 412 
f 412 414 389 
f 387 389 414 
f 389 408 411 
f 415 394 393 
f 416 406 415 
f 406 405 415 
f 405 417 415 
f 415 417 394 
f 418 394 417 
f 415 393 419 
f 423 422 401 
f 422 423 421 
f 423 420 421 
f 398 401 422 
f 425 426 424 
f 426 427 424 
f 424 427 428 
f 413 428 427 
f 412 428 413 
f 432 431 423 
f 431 432 430 
f 432 429 430 
f 433 423 431 
f 420 423 433 
f 435 425 434 
f 434 425 424 
f 424 436 434 
f 437 439 440 
f 439 437 438 
f 429 432 441 
f 441 432 442 
f 444 442 432 
f 444 443 442 
f 438 443 444 
f 443 438 445 
f 438 437 445 
f 447 435 446 
f 435 434 448 
f 446 448 449 
f 446 435 448 
f 453 452 439 
f 452 453 451 
f 453 450 451 
f 440 439 452 
f 455 456 454 
f 456 447 454 
f 446 454 447 
f 453 458 450 
f 453 457 458 
f 460 457 453 
f 460 459 457 
f 459 461 462 
f 461 459 460 
f 455 454 463 
f 464 463 454 
f 463 465 455 
f 466 455 465 
f 464 454 467 
f 468 469 461 
f 462 470 471 
f 470 462 461 
f 470 461 469 
f 473 465 472 
f 463 472 465 
f 474 475 468 
f 468 475 469 
f 477 473 476 
f 478 479 477 
f 479 473 477 
f 472 476 473 
f 475 481 480 
f 480 481 482 
f 482 481 483 
f 481 475 474 
f 485 486 484 
f 487 478 477 
f 478 487 485 
f 485 487 486 
f 488 483 481 
f 483 488 489 
f 486 489 488 
f 490 486 487 
f 486 490 489 
f 492 493 491 
f 495 496 494 
f 498 499 497 
f 501 502 500 
f 504 505 503 
f 507 508 506 
f 34 510 509 
f 510 34 35 
f 512 513 511 
f 515 516 514 
f 498 518 517 
f 520 521 519 
f 523 524 522 
f 526 527 525 
f 529 530 528 
f 532 533 531 
f 535 536 534 
f 538 539 537 
f 541 542 540 
f 544 545 543 
f 547 548 546 
f 549 550 527 
f 140 551 143 
f 551 140 552 
f 554 555 553 
f 557 559 556 
f 557 558 559 
f 226 224 560 
f 562 563 561 
f 565 566 564 
f 568 569 567 
f 571 572 570 
f 574 275 573 
f 576 577 575 
f 579 580 578 
f 582 583 581 
f 221 584 222 
f 558 586 585 
f 109 562 104 
f 114 562 109 
f 562 131 587 
f 131 562 114 
f 104 562 102 
f 589 590 588 
f 592 593 591 
f 595 596 594 
f 234 598 597 
f 600 601 599 
f 603 604 602 
f 498 605 499 
f 223 607 606 
f 609 610 608 
f 612 613 611 
f 614 615 540 
f 617 618 616 
f 620 621 619 
f 623 624 622 
f 626 627 625 
f 628 629 280 
f 286 289 630 
f 632 633 631 
f 635 636 634 
f 638 639 637 
f 641 642 640 
f 644 291 643 
f 646 647 645 
f 649 585 648 
f 651 652 650 
f 654 655 653 
f 601 656 599 
f 658 659 657 
f 661 662 660 
f 499 194 193 
f 663 664 17 
f 665 666 269 
f 668 669 667 
f 671 672 670 
f 674 675 673 
f 677 678 676 
f 680 681 679 
f 683 684 682 
f 686 687 685 
f 689 690 688 
f 692 693 691 
f 695 696 694 
f 698 699 697 
f 701 702 700 
f 704 705 703 
f 707 708 706 
f 710 711 709 
f 713 714 712 
f 715 716 498 
f 718 719 717 
f 80 85 16 
f 72 80 16 
f 72 16 73 
f 523 73 16 
f 261 260 720 
f 722 723 721 
f 725 726 724 
f 728 729 727 
f 731 732 730 
f 734 735 733 
f 737 738 736 
f 740 741 739 
f 743 744 742 
f 745 746 692 
f 748 492 747 
f 527 526 549 
f 620 749 621 
f 750 751 599 
f 499 605 752 
f 754 755 753 
f 757 758 756 
f 518 760 759 
f 762 763 761 
f 765 766 764 
f 768 769 767 
f 771 772 770 
f 774 775 773 
f 498 497 715 
f 776 777 637 
f 778 779 652 
f 781 276 780 
f 783 784 782 
f 785 786 508 
f 788 789 787 
f 791 792 790 
f 15 794 793 
f 738 737 795 
f 797 798 796 
f 799 558 773 
f 801 802 800 
f 804 805 803 
f 588 806 589 
f 808 809 807 
f 525 811 810 
f 813 814 812 
f 816 817 815 
f 807 818 808 
f 820 821 819 
f 823 824 822 
f 825 826 625 
f 828 829 827 
f 197 831 830 
f 833 834 832 
f 836 837 835 
f 838 839 259 
f 841 842 840 
f 844 845 843 
f 564 566 846 
f 286 848 847 
f 850 851 849 
f 716 852 498 
f 854 855 853 
f 686 685 584 
f 857 858 856 
f 628 860 859 
f 862 863 861 
f 865 866 864 
f 868 869 867 
f 870 871 215 
f 20 212 39 
f 22 212 20 
f 33 212 22 
f 872 873 663 
f 875 876 874 
f 878 879 877 
f 836 881 880 
f 855 883 882 
f 756 758 884 
f 886 887 885 
f 889 890 888 
f 891 892 656 
f 894 895 893 
f 897 898 896 
f 519 900 899 
f 235 597 901 
f 720 902 261 
f 904 905 903 
f 907 908 906 
f 910 911 909 
f 739 741 912 
f 531 914 913 
f 789 788 915 
f 916 917 819 
f 16 918 523 
f 919 920 912 
f 654 921 538 
f 923 924 922 
f 926 927 925 
f 513 837 511 
f 929 930 928 
f 931 842 841 
f 786 785 257 
f 933 934 932 
f 936 206 935 
f 938 939 937 
f 941 559 940 
f 556 943 942 
f 556 559 943 
f 944 942 943 
f 946 245 945 
f 423 497 432 
f 497 423 715 
f 715 401 382 
f 401 715 423 
f 715 382 381 
f 432 497 444 
f 947 948 574 
f 949 950 860 
f 952 953 951 
f 955 956 954 
f 958 959 957 
f 960 961 624 
f 173 159 670 
f 162 962 159 
f 962 670 159 
f 940 963 941 
f 647 385 406 
f 647 406 416 
f 369 647 646 
f 647 369 385 
f 369 646 370 
f 814 965 964 
f 967 968 966 
f 970 971 969 
f 685 973 972 
f 659 658 974 
f 976 977 975 
f 554 979 978 
f 584 980 222 
f 772 981 770 
f 815 983 982 
f 985 986 984 
f 987 988 537 
f 847 990 989 
f 208 991 209 
f 720 260 992 
f 994 995 993 
f 572 997 996 
f 998 779 778 
f 999 1000 633 
f 1001 418 417 
f 1002 418 1001 
f 881 1004 1003 
f 657 639 638 
f 1005 657 659 
f 1006 1007 832 
f 899 1008 896 
f 1009 890 889 
f 781 1011 1010 
f 1013 1014 1012 
f 283 285 1015 
f 199 1016 280 
f 4 1018 1017 
f 536 289 288 
f 1020 1021 1019 
f 634 636 1022 
f 937 526 938 
f 1024 506 1023 
f 270 1026 1025 
f 165 182 1027 
f 165 1027 163 
f 179 1029 1028 
f 178 1029 179 
f 1031 1032 1030 
f 1033 1034 578 
f 1036 1037 1035 
f 929 1039 1038 
f 341 1040 338 
f 1040 352 338 
f 221 686 584 
f 1042 1043 1041 
f 1045 812 1044 
f 242 1046 243 
f 856 1048 1047 
f 616 1049 617 
f 1050 129 125 
f 1052 1053 1051 
f 1052 600 599 
f 1055 1056 1054 
f 572 571 826 
f 682 1057 683 
f 565 1059 1058 
f 1060 1061 870 
f 1062 251 248 
f 1064 1065 1063 
f 216 1067 1066 
f 6 5 1068 
f 1068 1069 6 
f 1070 1071 504 
f 1073 1074 1072 
f 1075 519 521 
f 264 1076 265 
f 1077 1078 508 
f 1080 1081 1079 
f 1083 1084 1082 
f 1086 1087 1085 
f 586 1088 802 
f 207 1089 9 
f 794 1091 1090 
f 707 1093 1092 
f 1095 1096 1094 
f 1097 672 671 
f 498 882 518 
f 1099 882 1098 
f 1101 1102 1100 
f 1104 1105 1103 
f 1107 908 1106 
f 673 1108 674 
f 501 1110 1109 
f 1111 1112 721 
f 1113 63 66 
f 1113 74 63 
f 1115 1116 1114 
f 1096 1095 878 
f 1118 1119 1117 
f 1120 1121 679 
f 1122 675 674 
f 1123 46 47 
f 1124 1125 756 
f 1127 1128 1126 
f 24 1129 25 
f 1130 1131 241 
f 612 1133 1132 
f 1135 803 1134 
f 1137 1138 1136 
f 1136 1139 1137 
f 1140 1 4 
f 831 197 2 
f 1141 607 223 
f 1142 965 814 
f 1144 495 1143 
f 995 994 1145 
f 1147 1148 1146 
f 1149 1150 844 
f 1152 1153 1151 
f 691 1154 692 
f 1155 1156 985 
f 908 1107 1157 
f 1101 1159 1158 
f 1161 1162 1160 
f 762 1163 763 
f 689 617 690 
f 909 911 201 
f 795 796 798 
f 316 1164 299 
f 300 299 1164 
f 1166 822 1165 
f 1168 1169 1167 
f 1171 1172 1170 
f 1173 637 777 
f 888 1174 889 
f 1176 1177 1175 
f 730 732 1178 
f 198 197 272 
f 272 274 1179 
f 1180 1181 966 
f 1182 1180 702 
f 112 1183 108 
f 98 108 1183 
f 112 1184 1183 
f 118 1184 112 
f 139 1184 118 
f 98 1183 99 
f 1185 1186 653 
f 1185 1188 1187 
f 829 1189 827 
f 1191 1192 1190 
f 1109 1193 501 
f 916 1194 252 
f 1196 1197 1195 
f 1195 1198 1196 
f 1199 176 175 
f 189 1199 175 
f 1201 667 1200 
f 1202 1203 905 
f 759 517 518 
f 1204 493 492 
f 1010 784 783 
f 1205 868 867 
f 1206 1207 677 
f 1208 18 192 
f 221 1209 686 
f 1211 1212 1210 
f 945 1213 946 
f 817 1215 1214 
f 1217 813 1216 
f 704 1218 601 
f 601 891 656 
f 1219 505 739 
f 1220 650 652 
f 920 919 1221 
f 1033 1036 1222 
f 15 623 622 
f 1224 1225 1223 
f 253 1227 1226 
f 706 708 255 
f 1228 1229 670 
f 259 1231 1230 
f 444 497 438 
f 563 562 1232 
f 237 240 1098 
f 1233 1234 1015 
f 1236 1237 1235 
f 1238 1051 1053 
f 806 588 611 
f 896 1239 899 
f 976 1240 977 
f 678 1114 1116 
f 187 670 1241 
f 187 174 670 
f 173 670 174 
f 187 1241 184 
f 185 184 1241 
f 1242 1243 589 
f 594 1245 1244 
f 759 1247 1246 
f 499 661 194 
f 983 1249 1248 
f 1251 1252 1250 
f 129 1253 126 
f 1253 129 1050 
f 1254 1255 994 
f 750 1254 1236 
f 1257 1258 1256 
f 1260 1261 1259 
f 1262 1263 1080 
f 1023 1262 1264 
f 1266 1267 1265 
f 1266 1007 1268 
f 579 767 769 
f 1025 271 270 
f 1270 1271 1269 
f 1272 1271 1270 
f 1273 1271 1272 
f 1274 1275 1271 
f 1274 1271 1273 
f 471 470 1275 
f 1271 1275 470 
f 1276 1271 470 
f 1278 1279 715 
f 1281 715 1280 
f 1279 1280 715 
f 1281 1271 715 
f 1281 1282 1271 
f 1283 1271 1282 
f 1283 1284 1271 
f 1285 1271 1284 
f 1285 1286 1271 
f 1287 1271 1286 
f 1278 715 1277 
f 729 782 1288 
f 724 1289 725 
f 1291 1292 1290 
f 415 647 416 
f 1294 797 1293 
f 1295 1035 1037 
f 1297 696 1296 
f 1299 1297 1298 
f 1034 1301 1300 
f 1301 921 654 
f 1302 928 292 
f 1252 1251 1303 
f 1304 1305 912 
f 850 539 1306 
f 101 1307 97 
f 1307 107 97 
f 1307 113 107 
f 1309 132 1308 
f 132 1309 133 
f 833 1311 1310 
f 1313 610 1312 
f 1314 735 1178 
f 1315 1316 1158 
f 1151 1318 1317 
f 1298 1319 1299 
f 966 1320 967 
f 1321 1322 1141 
f 1323 845 844 
f 1324 1325 1057 
f 568 567 710 
f 1327 1328 1326 
f 1039 1329 1040 
f 1331 395 1330 
f 395 396 1330 
f 1131 1332 241 
f 702 1334 1333 
f 1104 1103 1335 
f 1153 1152 1336 
f 1337 215 871 
f 592 877 593 
f 1338 839 838 
f 1339 836 835 
f 1109 1110 1340 
f 1341 1342 1205 
f 1344 1345 1343 
f 1346 1347 1343 
f 1348 1349 980 
f 772 1351 1350 
f 1352 988 987 
f 286 1353 848 
f 235 756 884 
f 855 854 883 
f 935 1354 936 
f 587 147 1355 
f 147 587 148 
f 1357 1358 1356 
f 868 1358 869 
f 277 1359 577 
f 1009 1360 890 
f 1362 1363 1361 
f 764 766 1364 
f 924 697 699 
f 661 1366 1365 
f 1367 598 234 
f 1369 1370 1368 
f 695 694 1371 
f 264 266 1068 
f 1245 1372 1244 
f 283 1373 1013 
f 541 1375 1374 
f 1377 1348 1376 
f 626 1084 1083 
f 1054 712 1055 
f 586 1379 1378 
f 558 799 586 
f 1230 256 259 
f 1380 257 521 
f 799 1381 1378 
f 205 640 1382 
f 1052 599 1383 
f 599 751 1235 
f 1223 1384 622 
f 805 804 564 
f 1010 1011 784 
f 797 1294 1385 
f 1386 956 955 
f 707 1387 1386 
f 1388 1389 1003 
f 1388 1391 1390 
f 970 1392 971 
f 856 858 1393 
f 689 688 1394 
f 535 1138 536 
f 1116 676 678 
f 957 959 1395 
f 279 200 1396 
f 277 577 279 
f 216 1066 217 
f 765 1398 1397 
f 1160 861 1161 
f 1179 1399 272 
f 808 818 1256 
f 530 603 1400 
f 642 641 1401 
f 246 447 456 
f 641 425 246 
f 246 425 435 
f 246 435 447 
f 425 641 426 
f 710 567 711 
f 712 1054 713 
f 1402 1300 1067 
f 219 1063 1067 
f 329 1403 334 
f 309 963 311 
f 311 963 940 
f 888 1405 1404 
f 1406 1174 888 
f 514 1408 1407 
f 1408 514 516 
f 910 1410 1409 
f 1411 1410 910 
f 1168 1413 1412 
f 191 1171 188 
f 188 1171 189 
f 1199 189 1171 
f 168 1414 166 
f 978 150 151 
f 150 978 167 
f 1414 167 978 
f 918 13 1226 
f 13 15 793 
f 1073 1416 1415 
f 1418 1419 1417 
f 787 789 1420 
f 519 1421 900 
f 1422 847 989 
f 632 631 1423 
f 748 1167 1424 
f 938 1022 636 
f 760 240 239 
f 595 753 755 
f 1425 228 227 
f 1427 1428 1426 
f 1427 1430 1429 
f 1043 1431 1041 
f 1208 1397 1398 
f 9 1089 10 
f 290 292 928 
f 1038 930 929 
f 228 1425 1038 
f 1395 1432 957 
f 1432 1434 1433 
f 1435 1214 1215 
f 1214 1435 1436 
f 212 208 210 
f 543 545 211 
f 895 894 1092 
f 619 1437 892 
f 226 560 1438 
f 1356 1440 1439 
f 1250 512 1251 
f 1441 551 552 
f 1442 541 540 
f 506 1024 1443 
f 1400 603 602 
f 1444 1445 677 
f 1446 1162 1161 
f 1447 1448 1446 
f 1189 1449 862 
f 997 572 1450 
f 1451 1415 1416 
f 1452 505 504 
f 498 1453 1202 
f 1203 1202 1453 
f 503 1454 504 
f 632 1455 633 
f 1030 1456 1031 
f 1458 251 1457 
f 1460 1461 1459 
f 887 886 1460 
f 719 1463 1462 
f 1030 1464 718 
f 1335 1466 1465 
f 1467 1466 1335 
f 1256 1258 808 
f 600 1259 601 
f 1238 810 1051 
f 810 811 976 
f 263 1468 1126 
f 262 1469 211 
f 499 193 1470 
f 196 1471 193 
f 830 831 1310 
f 609 1312 610 
f 179 1028 180 
f 27 509 28 
f 862 1472 1189 
f 1315 1473 1162 
f 1426 1428 1474 
f 659 974 1475 
f 681 1477 1476 
f 1478 1120 1476 
f 1479 1480 1069 
f 507 1480 1479 
f 702 1482 1481 
f 1333 1482 702 
f 1483 1022 938 
f 638 1404 1405 
f 1015 1234 1124 
f 1014 1468 263 
f 54 1113 55 
f 66 55 1113 
f 1116 1484 1206 
f 1231 259 839 
f 840 1200 1485 
f 128 1050 125 
f 605 1486 752 
f 1487 1488 985 
f 1490 534 1489 
f 1177 1176 1491 
f 498 855 882 
f 1457 1492 1458 
f 810 1493 525 
f 1494 1495 638 
f 1496 1497 826 
f 1498 1143 495 
f 1094 671 1095 
f 1111 902 720 
f 1109 522 524 
f 1499 1500 608 
f 1335 1501 1104 
f 1082 1502 1085 
f 1117 1119 714 
f 697 1503 1365 
f 925 194 926 
f 1385 1294 580 
f 1504 1505 784 
f 687 1506 685 
f 1506 687 1507 
f 843 1325 1017 
f 1477 681 680 
f 1508 1509 215 
f 1368 1509 1510 
f 1288 727 729 
f 1511 1025 1026 
f 1173 1513 1512 
f 1515 1516 1514 
f 564 846 790 
f 1517 564 790 
f 1518 591 1462 
f 436 1462 434 
f 436 1518 1462 
f 1462 448 434 
f 1184 137 136 
f 170 185 1241 
f 170 1241 171 
f 1519 1520 203 
f 739 1519 1521 
f 1522 1523 630 
f 766 765 875 
f 636 635 1524 
f 890 1360 1525 
f 17 1526 663 
f 1527 220 222 
f 1529 1530 1528 
f 1530 926 1531 
f 257 1532 786 
f 1077 1263 1262 
f 1291 1331 1330 
f 1291 1534 1533 
f 776 657 1005 
f 1535 1190 1189 
f 853 233 854 
f 854 235 883 
f 670 1536 589 
f 589 1241 670 
f 9 204 207 
f 204 9 12 
f 1380 670 1229 
f 258 257 1380 
f 1290 1331 1291 
f 816 1537 817 
f 1538 1539 1322 
f 1540 1176 631 
f 1197 1196 730 
f 819 1541 820 
f 530 529 820 
f 539 850 849 
f 1419 1418 987 
f 1542 844 1150 
f 790 846 791 
f 29 32 1543 
f 58 1544 45 
f 1544 1543 45 
f 45 1543 32 
f 1545 1546 1114 
f 811 1240 976 
f 964 1547 814 
f 1547 1481 1548 
f 767 1402 768 
f 1067 768 1402 
f 861 863 1085 
f 1550 1179 1549 
f 1120 1478 1551 
f 1552 1551 713 
f 1374 1553 584 
f 614 970 969 
f 770 1554 771 
f 268 271 1555 
f 223 1556 224 
f 1488 908 1157 
f 1306 1557 850 
f 1558 1559 538 
f 1560 558 557 
f 1560 1561 558 
f 1561 1562 558 
f 1562 1563 558 
f 1564 558 1563 
f 774 305 317 
f 1564 305 774 
f 323 1564 344 
f 1564 323 305 
f 612 1059 565 
f 683 898 897 
f 1269 1271 1287 
f 1566 1567 1565 
f 1044 1130 1045 
f 601 1218 891 
f 708 1568 255 
f 602 604 1569 
f 975 977 807 
f 499 1570 661 
f 983 984 982 
f 552 142 161 
f 140 142 552 
f 1485 1200 667 
f 69 871 76 
f 69 70 871 
f 1571 871 70 
f 871 83 76 
f 874 582 581 
f 1572 653 655 
f 1574 550 1573 
f 1113 1115 74 
f 71 74 1115 
f 71 1115 77 
f 785 1575 267 
f 1075 521 267 
f 1323 1058 1059 
f 844 1058 1323 
f 1576 1387 707 
f 707 1577 1576 
f 291 1579 1578 
f 936 1354 1580 
f 1582 1583 1581 
f 1584 621 749 
f 677 1207 1444 
f 1358 868 1585 
f 526 1587 1586 
f 1483 1586 1588 
f 1589 563 1232 
f 1590 1591 1211 
f 897 896 1008 
f 1007 1006 1268 
f 1592 1394 688 
f 1522 1592 1361 
f 522 1543 523 
f 1543 1544 523 
f 1593 704 703 
f 1227 253 252 
f 1595 1596 1594 
f 1370 1369 1594 
f 1190 1597 1191 
f 1597 1475 1474 
f 531 1139 1598 
f 1318 1151 1298 
f 650 909 651 
f 909 200 279 
f 1172 1079 1081 
f 1167 748 1168 
f 1338 1599 1339 
f 1004 881 1599 
f 1600 1601 940 
f 1602 1166 1164 
f 246 466 244 
f 466 246 455 
f 456 455 246 
f 474 247 481 
f 1603 247 474 
f 1603 468 461 
f 468 1603 474 
f 1603 461 460 
f 481 247 488 
f 486 247 484 
f 486 488 247 
f 1604 1605 1221 
f 203 1520 736 
f 1606 1607 760 
f 882 1607 1606 
f 1123 1608 1433 
f 1333 1334 509 
f 685 1609 973 
f 1610 1611 1393 
f 1613 1124 1612 
f 756 1612 1124 
f 238 755 239 
f 1234 1233 237 
f 1438 1614 226 
f 967 1615 675 
f 857 8 7 
f 1617 1371 1616 
f 1618 547 546 
f 1619 941 963 
f 686 1163 687 
f 1621 1622 1620 
f 1623 1347 1346 
f 1346 1498 1623 
f 789 1625 1624 
f 1626 1625 789 
f 730 1196 731 
f 777 1513 1173 
f 561 1046 242 
f 154 156 1412 
f 1412 172 154 
f 172 1412 1413 
f 1413 186 169 
f 172 1413 169 
f 1527 222 1350 
f 1627 1628 1350 
f 545 544 213 
f 212 214 1337 
f 1630 709 1629 
f 1326 954 1327 
f 1026 1631 1511 
f 1631 666 665 
f 744 1632 746 
f 1633 1634 1313 
f 674 1433 1608 
f 957 864 958 
f 569 679 1121 
f 1150 1146 1542 
f 874 876 1187 
f 1397 1635 765 
f 1541 819 1260 
f 703 705 1260 
f 1098 1636 237 
f 756 1125 757 
f 938 1637 1424 
f 1204 1424 1637 
f 1136 1638 1139 
f 1489 914 1490 
f 1411 998 1454 
f 633 1455 999 
f 44 1395 42 
f 1484 54 53 
f 1484 1113 54 
f 408 1390 409 
f 1063 219 1064 
f 219 873 872 
f 180 1027 181 
f 1027 180 1028 
f 1639 933 932 
f 800 649 801 
f 824 1165 822 
f 1641 1457 1640 
f 250 855 1062 
f 1525 1642 890 
f 1642 1525 783 
f 1644 1302 1643 
f 1533 1645 1291 
f 1146 1646 1147 
f 952 1328 1327 
f 1647 689 1394 
f 1648 616 618 
f 697 1649 698 
f 1650 1651 698 
f 1091 794 15 
f 951 1384 1223 
f 1081 1170 1172 
f 1263 1077 931 
f 746 1265 1267 
f 746 1632 1265 
f 1653 1654 1652 
f 1341 1652 1654 
f 729 728 493 
f 783 1655 1642 
f 1656 820 1541 
f 1657 1656 1256 
f 565 1133 612 
f 803 1135 804 
f 1658 1314 1178 
f 1189 1472 827 
f 1372 283 1013 
f 902 1111 1372 
f 1000 999 778 
f 1195 885 1512 
f 135 960 1184 
f 135 155 960 
f 155 171 960 
f 1241 960 171 
f 1184 136 135 
f 1134 1659 1243 
f 203 201 911 
f 1519 203 1521 
f 1660 1661 275 
f 273 272 197 
f 625 1662 626 
f 1345 1344 1662 
f 589 806 1242 
f 1132 613 612 
f 1020 688 690 
f 690 1620 1663 
f 1327 954 956 
f 1576 1090 1387 
f 123 1050 124 
f 1250 551 1441 
f 900 1421 1664 
f 693 1665 1664 
f 833 1667 1666 
f 1668 1 1140 
f 225 1670 1669 
f 1671 223 225 
f 860 950 1085 
f 1179 1550 1399 
f 1672 496 495 
f 749 1672 1584 
f 1603 1673 247 
f 499 1470 1603 
f 153 1674 152 
f 667 1201 668 
f 835 1338 1339 
f 196 195 925 
f 194 925 195 
f 390 1290 391 
f 252 1194 1227 
f 523 918 524 
f 700 702 1180 
f 675 968 967 
f 1675 1106 1357 
f 907 1677 1676 
f 1184 138 137 
f 138 1184 139 
f 520 519 1239 
f 899 1239 519 
f 891 1678 892 
f 1092 1679 895 
f 1680 1681 665 
f 1682 1377 981 
f 1312 609 573 
f 573 609 574 
f 1531 1503 923 
f 1683 1212 1211 
f 578 580 1294 
f 1295 1684 578 
f 293 290 1685 
f 293 1579 291 
f 1380 1536 670 
f 588 590 520 
f 501 1193 1686 
f 502 501 1686 
f 761 1021 762 
f 766 1362 1687 
f 1035 1295 1293 
f 795 737 796 
f 695 1689 1688 
f 616 1648 1296 
f 685 972 584 
f 1690 970 614 
f 1228 259 258 
f 259 1228 838 
f 1333 1692 1691 
f 510 26 1129 
f 26 510 23 
f 510 35 23 
f 1017 1018 282 
f 1476 1477 280 
f 784 1693 1504 
f 780 1693 784 
f 1361 1363 1522 
f 1522 1363 1523 
f 824 930 1425 
f 1038 1425 930 
f 932 934 1694 
f 643 1694 644 
f 975 807 809 
f 1052 1695 600 
f 1697 1698 1696 
f 935 205 1382 
f 715 1271 716 
f 1699 1030 1032 
f 498 1700 605 
f 1486 605 1700 
f 910 1220 1411 
f 779 998 1411 
f 1701 239 755 
f 1701 755 754 
f 950 949 272 
f 272 949 198 
f 1303 1251 1643 
f 292 291 644 
f 1170 841 1171 
f 1199 1171 841 
f 740 1451 1304 
f 1451 740 1452 
f 798 1396 795 
f 277 276 781 
f 1429 996 1474 
f 570 1429 571 
f 1403 364 1619 
f 364 1403 372 
f 1403 350 372 
f 350 1403 333 
f 329 333 1403 
f 221 19 1209 
f 220 1526 17 
f 733 735 913 
f 1158 1159 1702 
f 787 1664 1421 
f 1075 265 1076 
f 268 1555 1554 
f 1065 769 768 
f 1033 1037 1036 
f 578 1684 1033 
f 937 549 526 
f 113 1308 111 
f 1308 113 1307 
f 111 1308 117 
f 132 117 1308 
f 622 624 961 
f 564 1517 805 
f 319 228 1040 
f 232 228 319 
f 319 1040 341 
f 1322 1539 817 
f 1703 1215 817 
f 1329 1330 376 
f 396 376 1330 
f 375 1329 376 
f 1216 1566 699 
f 1565 922 1566 
f 57 1544 58 
f 901 1612 756 
f 901 756 235 
f 1459 1704 1009 
f 1459 1009 1705 
f 974 993 995 
f 1238 1235 1237 
f 619 621 656 
f 656 1582 1581 
f 504 1071 1452 
f 1415 1074 1073 
f 257 256 1230 
f 1230 1532 257 
f 1023 1706 727 
f 1023 1511 1631 
f 928 800 802 
f 1685 10 293 
f 897 684 683 
f 1268 1006 1707 
f 1593 254 704 
f 255 1568 704 
f 1015 1124 1613 
f 1013 1373 1613 
f 208 1543 991 
f 992 1543 522 
f 1633 1708 830 
f 1313 1708 1633 
f 1390 1389 1388 
f 1002 394 418 
f 394 1002 389 
f 1002 1390 389 
f 408 389 1390 
f 1199 1709 176 
f 157 176 1709 
f 157 1709 160 
f 161 1709 552 
f 1709 161 160 
f 1296 1710 1297 
f 1138 1137 1711 
f 1548 1044 812 
f 1131 1691 1692 
f 1535 776 1005 
f 776 1535 1712 
f 947 1713 948 
f 947 1549 1179 
f 1714 543 597 
f 211 1469 543 
f 1144 1143 1255 
f 1426 1145 1427 
f 574 609 608 
f 1446 947 574 
f 491 747 492 
f 727 1706 728 
f 722 515 723 
f 1205 867 1341 
f 424 428 1391 
f 424 1391 436 
f 1391 1518 436 
f 877 592 878 
f 1027 149 163 
f 147 1027 1355 
f 1027 147 149 
f 1639 1580 1354 
f 677 602 678 
f 1400 602 677 
f 966 1181 1538 
f 1322 1321 1538 
f 1222 1036 1558 
f 538 921 1558 
f 660 1366 661 
f 1365 1715 697 
f 778 575 1461 
f 1461 575 577 
f 1599 1094 1004 
f 671 1094 1097 
f 793 1226 13 
f 706 1577 707 
f 1209 1716 686 
f 1431 1209 1717 
f 829 828 1712 
f 731 1513 1712 
f 873 218 217 
f 192 1397 1208 
f 938 526 1483 
f 1586 1483 526 
f 1115 1113 1116 
f 1113 1484 1116 
f 249 251 1718 
f 853 236 233 
f 82 561 81 
f 561 82 91 
f 102 1719 103 
f 1719 102 562 
f 889 1174 1516 
f 1174 1406 1720 
f 692 1154 1153 
f 1336 692 1153 
f 264 788 787 
f 1616 1721 1617 
f 1102 1501 1335 
f 608 1500 1447 
f 1092 1093 494 
f 1722 495 494 
f 1412 1169 1168 
f 939 1309 1308 
f 607 1141 1537 
f 1537 816 607 
f 893 708 894 
f 1568 708 893 
f 6 969 971 
f 615 1480 507 
f 1349 1348 1628 
f 1682 981 772 
f 311 1601 312 
f 1601 311 940 
f 200 795 1396 
f 201 200 909 
f 1357 1438 1675 
f 1438 560 1675 
f 12 11 1378 
f 1378 11 10 
f 267 265 1075 
f 1068 266 1069 
f 482 1276 480 
f 1463 1464 1723 
f 1181 1180 1182 
f 1481 1547 964 
f 227 230 297 
f 295 227 297 
f 1164 1166 300 
f 294 300 1166 
f 1130 241 243 
f 1724 1567 1566 
f 752 1486 1487 
f 1725 905 904 
f 1266 1726 1665 
f 1268 1726 1266 
f 1047 1727 616 
f 685 1728 1609 
f 7 1610 857 
f 1611 1610 971 
f 1634 832 1265 
f 832 1634 1633 
f 730 734 1491 
f 733 1491 734 
f 1473 1472 862 
f 861 1160 862 
f 1303 555 1252 
f 1253 127 126 
f 153 1253 1674 
f 1253 153 127 
f 1055 626 1662 
f 1055 712 626 
f 774 301 318 
f 317 296 774 
f 774 296 298 
f 301 774 298 
f 1025 1289 724 
f 1288 1025 1511 
f 1686 1193 524 
f 524 1193 1109 
f 844 846 566 
f 1542 846 844 
f 630 581 583 
f 988 1352 1729 
f 287 847 1175 
f 1072 1730 847 
f 1305 1304 850 
f 850 1304 1451 
f 1651 1217 1216 
f 1142 1217 1731 
f 1337 214 215 
f 213 1510 215 
f 1485 1199 840 
f 840 1199 841 
f 1121 567 569 
f 1552 567 1121 
f 1733 1569 1732 
f 1569 1733 602 
f 1378 1379 799 
f 799 1379 586 
f 600 1734 1259 
f 1258 1257 1259 
f 1490 914 1598 
f 914 531 1598 
f 1735 593 95 
f 95 96 1735 
f 1060 717 1061 
f 819 821 916 
f 1686 1736 502 
f 759 1203 1453 
f 1246 903 759 
f 1697 1696 1401 
f 245 1697 1401 
f 599 1737 1383 
f 1238 1383 1737 
f 507 506 1443 
f 540 615 507 
f 1346 1496 1430 
f 571 1429 1430 
f 1738 823 822 
f 823 1738 558 
f 1144 1255 1254 
f 1672 1254 750 
f 1195 1197 633 
f 631 633 1540 
f 1434 1739 41 
f 1434 1432 1739 
f 1023 506 1262 
f 1262 1078 1077 
f 803 961 960 
f 803 1659 1134 
f 493 783 729 
f 729 783 782 
f 1254 1740 1236 
f 1236 1740 993 
f 1574 86 90 
f 1574 100 86 
f 1574 1307 100 
f 101 100 1307 
f 883 1741 882 
f 758 757 1742 
f 1300 1186 1185 
f 1300 1301 654 
f 1500 1499 1104 
f 743 1105 1104 
f 531 533 1317 
f 1466 1467 1317 
f 1095 671 121 
f 120 121 671 
f 670 962 671 
f 948 275 574 
f 1743 1179 274 
f 1317 1467 1336 
f 745 1103 1105 
f 1744 1745 1454 
f 1745 1744 1423 
f 1746 1405 1588 
f 634 1588 1405 
f 872 1747 219 
f 771 1351 772 
f 925 927 196 
f 1529 1213 927 
f 616 1688 1047 
f 616 1296 1688 
f 1206 1748 1207 
f 1484 1748 1206 
f 1114 1732 1545 
f 1733 1732 1114 
f 606 1156 223 
f 986 985 1156 
f 778 1749 1000 
f 1749 778 1461 
f 645 547 646 
f 1618 1619 547 
f 1619 1618 1750 
f 595 755 238 
f 1015 285 1233 
f 1738 1602 940 
f 940 1602 1600 
f 694 696 1751 
f 1299 1319 1626 
f 1029 979 933 
f 978 979 1414 
f 586 648 585 
f 802 801 586 
f 955 954 1629 
f 1629 954 1630 
f 611 588 1752 
f 520 1752 588 
f 1084 1753 1082 
f 1502 1082 1753 
f 209 992 260 
f 1754 210 211 
f 1755 1503 1531 
f 1365 1503 1755 
f 1627 1350 222 
f 980 1349 222 
f 245 1673 945 
f 193 1471 1673 
f 1205 1445 1444 
f 528 530 1400 
f 1644 1645 1533 
f 511 1251 512 
f 1476 1118 1478 
f 859 629 628 
f 1568 1218 704 
f 1218 1756 891 
f 638 1746 1494 
f 1405 1746 638 
f 888 635 634 
f 1405 888 634 
f 1454 503 1411 
f 1411 1219 1757 
f 1758 1458 1492 
f 1594 1596 1031 
f 1101 1448 1447 
f 1162 1316 1315 
f 1680 981 1377 
f 1376 1680 1377 
f 1642 1655 1204 
f 890 1642 1524 
f 1474 1475 1426 
f 995 1475 974 
f 1585 1444 1207 
f 958 864 866 
f 836 880 645 
f 1759 405 404 
f 1001 405 1759 
f 417 405 1001 
f 1390 410 409 
f 638 1495 657 
f 657 1493 810 
f 826 1662 625 
f 826 1497 1662 
f 1760 1407 1677 
f 1407 594 723 
f 1423 1730 1072 
f 1071 1070 1072 
f 580 1504 1385 
f 1504 580 579 
f 1667 682 684 
f 4 1324 1140 
f 1117 713 1551 
f 714 713 1117 
f 683 1762 1761 
f 1323 1762 683 
f 1017 281 680 
f 282 281 1017 
f 25 1129 26 
f 987 1418 1352 
f 1418 1417 1352 
f 19 18 1208 
f 19 221 17 
f 655 538 537 
f 538 655 654 
f 525 1587 526 
f 1494 525 1493 
f 1013 1763 1372 
f 1012 1763 1013 
f 1051 975 1052 
f 1052 975 809 
f 1714 544 543 
f 1510 1714 1368 
f 1439 1440 1108 
f 1358 866 865 
f 643 932 1694 
f 1580 1578 936 
f 833 1668 1140 
f 1310 1668 833 
f 1246 1677 907 
f 1677 1246 1760 
f 1176 1540 730 
f 1491 1176 730 
f 1190 1192 1189 
f 1449 1189 1450 
f 1243 1242 1134 
f 1764 1132 1133 
f 1009 1704 1360 
f 781 1359 277 
f 1629 709 1343 
f 709 711 1056 
f 1464 1463 719 
f 718 1464 719 
f 627 863 862 
f 1085 863 1086 
f 1474 1428 1429 
f 1429 1428 1427 
f 1196 1198 1513 
f 1513 731 1196 
f 1765 1157 1107 
f 1765 224 1556 
f 838 1599 1338 
f 1599 1097 1094 
f 283 596 284 
f 1245 283 1372 
f 564 804 565 
f 565 804 1135 
f 43 42 1395 
f 43 1395 59 
f 500 502 529 
f 500 1766 1205 
f 951 953 1090 
f 1327 1387 1090 
f 158 962 162 
f 1631 1024 1023 
f 541 1442 1681 
f 1126 1128 597 
f 597 543 1126 
f 913 532 531 
f 1465 1702 1159 
f 1469 262 263 
f 1763 1012 261 
f 1450 572 825 
f 826 825 572 
f 1690 972 970 
f 1392 970 972 
f 1591 1590 1529 
f 946 1589 1232 
f 1084 712 714 
f 712 1084 626 
f 789 1154 1420 
f 1624 1154 789 
f 1460 1515 887 
f 889 1705 1009 
f 47 509 1123 
f 509 31 28 
f 509 47 31 
f 1123 509 1334 
f 1151 1319 1298 
f 1151 1624 1625 
f 999 1767 778 
f 1767 999 1455 
f 869 907 1676 
f 867 869 1676 
f 1330 1329 1039 
f 1534 1039 929 
f 1512 1514 1173 
f 1512 885 887 
f 1768 1769 1043 
f 1163 686 763 
f 1325 1324 4 
f 1017 1325 4 
f 724 271 1025 
f 579 724 726 
f 1040 353 352 
f 1 1668 2 
f 199 198 949 
f 847 287 286 
f 536 288 287 
f 1043 1042 1768 
f 1687 1364 766 
f 1021 1663 762 
f 1620 1622 1663 
f 1683 1531 1212 
f 1528 1530 1531 
f 1139 1318 1298 
f 1139 1298 1297 
f 890 635 888 
f 1524 635 890 
f 1770 780 276 
f 780 1770 1385 
f 1439 1615 967 
f 1439 1108 673 
f 849 851 1416 
f 987 849 1419 
f 584 1553 980 
f 1680 1376 1375 
f 1369 1368 1718 
f 236 1771 598 
f 257 785 521 
f 267 521 785 
f 841 1772 931 
f 931 1772 1263 
f 534 1490 535 
f 1490 1638 1136 
f 1335 1100 1102 
f 1465 1100 1335 
f 1641 1640 855 
f 1062 855 1640 
f 784 1505 782 
f 1288 782 725 
f 551 144 143 
f 123 119 1050 
f 1050 144 551 
f 144 1050 119 
f 1557 1558 919 
f 850 1557 1305 
f 1566 1045 1724 
f 1216 813 1566 
f 1293 796 737 
f 796 1293 797 
f 99 1183 87 
f 1183 88 87 
f 1647 1648 618 
f 1297 1710 1711 
f 499 752 984 
f 499 1773 1570 
f 1541 1256 1656 
f 1541 1257 1256 
f 584 614 1374 
f 1374 542 541 
f 1723 1030 1699 
f 1464 1030 1723 
f 1124 1234 1636 
f 237 1636 1234 
f 908 1725 904 
f 1487 908 1488 
f 1331 388 395 
f 388 1331 390 
f 1290 390 1331 
f 258 1229 1228 
f 1380 1229 258 
f 1506 1774 685 
f 616 1727 1049 
f 641 427 426 
f 640 397 387 
f 640 414 641 
f 414 640 387 
f 397 640 775 
f 475 1276 469 
f 480 1276 475 
f 1276 470 469 
f 802 1088 10 
f 802 10 1685 
f 1775 917 916 
f 252 254 1593 
f 491 1264 1080 
f 1080 1264 1262 
f 992 1653 720 
f 1652 720 1653 
f 279 651 909 
f 576 652 651 
f 611 1761 612 
f 612 1761 1762 
f 623 15 14 
f 1183 14 89 
f 1183 89 88 
f 1034 1033 1301 
f 1033 1222 1301 
f 524 1194 1686 
f 1194 524 918 
f 1446 1776 1447 
f 574 1776 1446 
f 877 93 593 
f 93 95 593 
f 93 877 94 
f 879 106 877 
f 877 106 94 
f 854 233 235 
f 597 235 234 
f 1065 1554 1555 
f 1065 1064 1554 
f 1742 757 1098 
f 1098 757 1125 
f 1777 1454 998 
f 1454 1777 1744 
f 215 1509 870 
f 1368 1370 1509 
f 1635 217 1066 
f 1187 1066 1185 
f 760 1607 1099 
f 1099 1607 882 
f 1643 553 1303 
f 555 1303 553 
f 1085 1550 861 
f 1399 1550 1085 
f 1128 1127 1612 
f 1612 1127 1613 
f 705 1261 1260 
f 705 704 601 
f 1040 1038 1039 
f 1040 228 1038 
f 1432 1433 957 
f 957 1433 864 
f 49 241 1332 
f 48 241 49 
f 242 75 561 
f 75 242 68 
f 561 75 81 
f 68 242 67 
f 911 1521 203 
f 1757 1521 1409 
f 1256 818 1657 
f 807 1657 818 
f 1238 974 658 
f 1237 974 1238 
f 1536 1380 520 
f 521 520 1380 
f 961 805 1517 
f 961 803 805 
f 1554 269 268 
f 1026 270 269 
f 1630 1778 709 
f 1646 1778 1326 
f 1141 1669 1321 
f 1669 1671 225 
f 836 645 647 
f 1292 837 836 
f 1712 828 731 
f 732 731 828 
f 391 1290 392 
f 1290 1292 392 
f 393 392 1292 
f 393 1292 419 
f 1546 550 1574 
f 550 1546 1545 
f 827 1658 828 
f 1314 1658 827 
f 1250 1050 551 
f 1252 1050 1250 
f 1187 1188 874 
f 1188 582 874 
f 640 773 775 
f 205 12 640 
f 1752 896 611 
f 611 896 898 
f 723 514 1407 
f 514 723 515 
f 1343 1345 1346 
f 1497 1496 1346 
f 1163 1621 687 
f 1622 1621 1163 
f 1268 1008 899 
f 1707 1008 1268 
f 1175 631 1176 
f 1423 631 1730 
f 1666 834 833 
f 834 1666 1707 
f 1570 1248 661 
f 1248 1249 1436 
f 984 986 982 
f 816 606 607 
f 568 1778 1646 
f 1646 1146 568 
f 594 753 595 
f 1246 1247 1760 
f 1156 1155 223 
f 1556 223 1155 
f 1209 1779 1208 
f 1208 1717 1209 
f 698 1649 1650 
f 1650 662 1436 
f 1221 1036 1604 
f 1035 1604 1036 
f 619 1092 620 
f 619 1679 1092 
f 952 1225 1224 
f 1147 792 791 
f 1046 561 563 
f 563 1210 1046 
f 936 1578 1579 
f 206 936 207 
f 1068 5 8 
f 1068 1780 264 
f 1090 1576 794 
f 793 794 1576 
f 820 529 502 
f 502 1736 820 
f 1061 871 870 
f 84 1735 96 
f 84 83 1735 
f 871 1735 83 
f 788 1721 1616 
f 915 788 1616 
f 899 1726 1268 
f 1665 1726 899 
f 679 1150 680 
f 1150 679 569 
f 552 667 669 
f 1485 667 552 
f 655 537 1572 
f 988 1572 537 
f 1341 1112 1111 
f 722 1341 867 
f 1308 937 939 
f 549 937 1308 
f 1575 1069 267 
f 267 1069 266 
f 837 1291 1645 
f 1292 1291 837 
f 839 1200 1231 
f 1200 839 1201 
f 1079 1172 1168 
f 1168 1172 1171 
f 236 853 249 
f 250 1062 248 
f 680 1149 1017 
f 1150 1149 680 
f 24 21 1129 
f 1129 36 1332 
f 36 1129 21 
f 1692 1332 1131 
f 1583 1582 621 
f 1582 656 621 
f 637 1404 638 
f 637 1720 1406 
f 1711 1394 1138 
f 536 1138 1394 
f 822 1166 1602 
f 1602 1738 822 
f 539 849 987 
f 987 537 539 
f 1597 1190 1005 
f 1005 1190 1535 
f 624 1184 960 
f 624 623 1184 
f 626 1083 627 
f 627 1086 863 
f 933 1028 1029 
f 1027 1028 933 
f 1665 693 1266 
f 1266 693 692 
f 578 1034 1402 
f 1300 1402 1034 
f 1521 1757 739 
f 739 1757 1219 
f 938 1167 1169 
f 1424 1167 938 
f 1644 1251 511 
f 1643 1251 1644 
f 1054 1056 711 
f 713 1054 1552 
f 247 1673 245 
f 244 479 247 
f 479 244 473 
f 473 244 465 
f 244 466 465 
f 587 131 130 
f 587 130 148 
f 622 1517 1223 
f 1517 622 961 
f 1085 1502 860 
f 1502 859 860 
f 1041 764 1042 
f 1398 1717 1208 
f 210 1754 212 
f 212 1754 213 
f 824 649 800 
f 585 649 824 
f 315 1164 316 
f 1164 1600 1602 
f 883 235 884 
f 1741 1781 884 
f 856 1689 857 
f 1371 1617 857 
f 642 1382 640 
f 1696 1698 1382 
f 1350 663 1527 
f 663 1350 1351 
f 714 1753 1084 
f 1753 714 1119 
f 1224 1223 790 
f 790 1223 1517 
f 1549 1161 861 
f 1549 861 1550 
f 852 1032 1758 
f 852 1758 498 
f 1427 1143 1498 
f 1255 1143 1427 
f 1148 1542 1146 
f 846 1542 791 
f 774 773 558 
f 774 1782 1564 
f 700 1122 701 
f 1123 701 1122 
f 1419 1783 1417 
f 1417 989 990 
f 909 650 910 
f 650 1220 910 
f 1619 1784 943 
f 1784 1619 1750 
f 944 943 1784 
f 547 365 368 
f 386 365 645 
f 547 645 365 
f 386 645 1759 
f 880 1759 645 
f 1421 519 1075 
f 1076 1421 1075 
f 583 1353 630 
f 630 1353 286 
f 1510 544 1714 
f 213 544 1510 
f 963 307 328 
f 963 309 307 
f 1445 1205 528 
f 1205 1766 528 
f 271 724 579 
f 579 1555 271 
f 1507 1620 690 
f 690 617 1507 
f 1736 1686 916 
f 1194 916 1686 
f 1479 508 507 
f 508 1575 785 
f 658 810 1238 
f 810 658 657 
f 669 1785 552 
f 513 512 669 
f 718 717 1060 
f 718 1456 1030 
f 750 1581 1583 
f 750 1584 1672 
f 495 1722 955 
f 495 1623 1498 
f 869 1357 1106 
f 1357 869 1358 
f 686 1716 1043 
f 1043 1769 686 
f 736 1786 737 
f 737 1786 1293 
f 1570 984 983 
f 1570 983 1248 
f 1402 767 578 
f 578 767 579 
f 1363 1362 766 
f 766 1523 1363 
f 1681 1680 541 
f 1375 541 1680 
f 994 1740 1254 
f 993 1740 994 
f 1301 1222 921 
f 1222 1558 921 
f 1352 848 1729 
f 990 1352 1417 
f 1447 1102 1101 
f 1501 1102 1447 
f 1468 1014 1613 
f 1613 1014 1013 
f 1185 1067 1300 
f 1067 1185 1066 
f 839 1338 1201 
f 1201 1338 668 
f 238 284 595 
f 595 284 596 
f 1217 1651 1731 
f 1651 1435 1731 
f 683 1057 1323 
f 1323 1057 1325 
f 1247 759 754 
f 759 760 754 
f 1173 1720 637 
f 1173 1514 1516 
f 657 1495 1493 
f 1493 1495 1494 
f 247 485 484 
f 795 202 738 
f 200 202 795 
f 276 798 797 
f 798 276 278 
f 1635 1397 1787 
f 1397 192 1787 
f 1595 251 1596 
f 251 1595 1718 
f 1506 617 1774 
f 617 1506 1507 
f 1548 1691 1131 
f 1548 1481 1482 
f 1095 879 878 
f 121 122 1095 
f 879 1095 122 
f 1644 1533 929 
f 929 1533 1534 
f 1484 59 1395 
f 1484 53 59 
f 1748 1484 1395 
f 1207 958 1585 
f 959 958 1207 
f 1058 566 565 
f 566 1058 844 
f 1039 1534 1330 
f 1330 1534 1291 
f 1724 243 1567 
f 1567 1210 1212 
f 1317 1318 531 
f 1318 1139 531 
f 966 1321 1669 
f 1538 1321 966 
f 709 1056 1343 
f 1343 1056 1344 
f 1762 1059 612 
f 1059 1762 1323 
f 1636 1125 1124 
f 1125 1636 1098 
f 1551 1121 1120 
f 1121 1551 1552 
f 1737 1235 1238 
f 1235 1737 599 
f 1051 976 975 
f 976 1051 810 
f 1192 1191 997 
f 1474 996 997 
f 1670 226 1439 
f 225 226 1670 
f 1390 411 410 
f 428 1390 1391 
f 412 1390 428 
f 411 1390 412 
f 949 1016 199 
f 860 628 949 
f 492 1424 1204 
f 1424 492 748 
f 1336 1103 745 
f 692 1336 745 
f 1580 932 643 
f 932 1580 1639 
f 963 334 1403 
f 963 328 334 
f 963 1403 1619 
f 761 1687 1021 
f 1687 1768 1364 
f 1699 1271 1723 
f 1032 1788 1699 
f 1487 985 752 
f 984 752 985 
f 1239 1752 520 
f 1752 1239 896 
f 1067 216 219 
f 873 219 218 
f 1616 1751 915 
f 1626 1751 1299 
f 1673 1470 193 
f 1603 1470 1673 
f 578 1789 1295 
f 1295 1789 1293 
f 807 604 1657 
f 977 604 807 
f 1511 727 1288 
f 727 1511 1023 
f 1559 1558 1557 
f 538 1559 1557 
f 1472 1473 1315 
f 1315 827 1472 
f 1444 1585 868 
f 1444 868 1205 
f 199 282 1018 
f 199 3 2 
f 1455 1777 1767 
f 1777 1455 632 
f 38 39 1337 
f 212 1337 39 
f 38 1337 51 
f 871 1571 1337 
f 294 1166 295 
f 227 295 1166 
f 1165 227 1166 
f 1245 596 283 
f 594 596 1245 
f 688 1019 1592 
f 1020 1019 688 
f 1271 1276 1723 
f 1723 1276 483 
f 482 483 1276 
f 489 1723 483 
f 490 1723 489 
f 826 571 1496 
f 1430 1496 571 
f 678 1733 1114 
f 602 1733 678 
f 1047 1688 856 
f 1688 1689 856 
f 1741 1742 882 
f 1098 882 1742 
f 773 1381 799 
f 12 773 640 
f 838 1097 1599 
f 672 1097 838 
f 542 1374 614 
f 540 542 614 
f 992 991 1543 
f 209 991 992 
f 1022 1588 634 
f 1588 1022 1483 
f 1386 1093 707 
f 1722 494 1093 
f 415 1292 647 
f 1292 415 419 
f 836 647 1292 
f 811 525 527 
f 811 1545 1732 
f 1092 894 707 
f 707 894 708 
f 873 1787 192 
f 664 663 873 
f 1420 1664 787 
f 1664 691 693 
f 1242 1132 1764 
f 1132 1242 806 
f 236 1718 1368 
f 249 1718 236 
f 1047 1048 1609 
f 973 1609 1393 
f 513 835 837 
f 1338 835 513 
f 1702 735 1158 
f 1314 1158 735 
f 573 830 1312 
f 275 1661 573 
f 1217 814 813 
f 814 1217 1142 
f 498 1641 855 
f 498 1758 1492 
f 1637 1524 1204 
f 1204 1524 1642 
f 746 742 744 
f 745 742 746 
f 1299 1751 696 
f 1299 696 1297 
f 1462 449 448 
f 464 467 1463 
f 1462 1463 467 
f 1529 1528 1591 
f 1211 1591 1683 
f 1656 530 820 
f 603 530 1656 
f 1135 1133 565 
f 1133 1135 1764 
f 670 672 1228 
f 838 1228 672 
f 1342 1340 1110 
f 1205 1342 500 
f 1249 983 815 
f 815 817 1214 
f 1790 606 986 
f 982 986 606 
f 504 1745 1070 
f 1454 1745 504 
f 246 1401 641 
f 1401 246 245 
f 880 881 1003 
f 1002 1001 1003 
f 1189 829 1535 
f 1712 1535 829 
f 699 922 924 
f 699 1566 922 
f 1476 1120 681 
f 679 681 1120 
f 263 1012 1014 
f 261 1012 263 
f 608 610 1499 
f 743 610 1313 
f 589 1243 1241 
f 1241 1243 1659 
f 1407 1760 594 
f 594 1760 753 
f 901 1128 1612 
f 597 1128 901 
f 1633 1311 832 
f 1311 833 832 
f 1073 1422 989 
f 1417 1783 989 
f 907 906 1246 
f 903 1246 906 
f 1459 577 1359 
f 577 1459 1461 
f 1567 1212 1565 
f 1212 1531 923 
f 1678 891 893 
f 893 891 1756 
f 1003 1004 1388 
f 1388 1004 1094 
f 847 1422 1072 
f 1072 1422 1073 
f 1439 1614 1356 
f 1439 226 1614 
f 736 1520 1605 
f 1605 1520 1519 
f 1416 1419 849 
f 1419 1416 1073 
f 1189 1192 1450 
f 1192 997 1450 
f 819 1593 703 
f 703 1260 819 
f 980 1376 1348 
f 1376 980 1553 
f 622 1384 15 
f 15 1384 1091 
f 1187 1635 1066 
f 876 1635 1187 
f 194 1755 926 
f 1531 926 1755 
f 1175 1177 287 
f 1177 1489 534 
f 770 269 1554 
f 269 770 665 
f 783 493 1655 
f 493 1204 1655 
f 1261 705 601 
f 1259 1261 601 
f 831 1668 1310 
f 2 1668 831 
f 1372 1111 721 
f 1244 1372 721 
f 806 613 1132 
f 611 613 806 
f 1211 563 1589 
f 1211 1210 563 
f 739 505 740 
f 1452 740 505 
f 553 644 554 
f 644 553 1643 
f 1792 715 1791 
f 1277 715 1792 
f 1791 715 1563 
f 1564 1563 715 
f 346 1564 715 
f 346 715 360 
f 1564 346 344 
f 1396 278 279 
f 278 1396 798 
f 353 1040 1329 
f 1329 378 354 
f 353 1329 354 
f 378 1329 375 
f 1447 1776 608 
f 608 1776 574 
f 1106 908 907 
f 1106 907 869 
f 995 1426 1475 
f 1145 1426 995 
f 870 1370 1060 
f 870 1509 1370 
f 181 1027 182 
f 569 1146 1150 
f 1146 569 568 
f 781 1360 1704 
f 1010 1360 781 
f 857 1617 1780 
f 1617 1721 1780 
f 554 1694 934 
f 554 644 1694 
f 1221 1558 1036 
f 1221 919 1558 
f 1453 517 759 
f 498 517 1453 
f 1327 953 952 
f 1090 953 1327 
f 1743 1713 1179 
f 1179 1713 947 
f 1461 886 1749 
f 1460 886 1461 
f 1524 1637 636 
f 636 1637 938 
f 56 1544 57 
f 65 1544 56 
f 64 523 1544 
f 73 523 64 
f 1544 65 64 
f 1366 1715 1365 
f 1715 1366 660 
f 1462 591 719 
f 719 591 593 
f 1643 292 644 
f 292 1643 1302 
f 1725 908 1487 
f 1793 1725 1487 
f 1053 1052 1383 
f 1053 1383 1238 
f 1226 1227 918 
f 1194 918 1227 
f 1081 1263 1772 
f 1263 1081 1080 
f 769 1065 1555 
f 769 1555 579 
f 597 598 1714 
f 1368 1714 598 
f 1502 1119 1118 
f 1119 1502 1753 
f 784 1011 780 
f 780 1011 781 
f 946 1232 245 
f 1232 1697 245 
f 33 208 212 
f 208 33 30 
f 29 1543 208 
f 29 208 30 
f 1747 771 1554 
f 1351 771 1747 
f 1682 772 1628 
f 1350 1628 772 
f 1296 695 1688 
f 695 1296 696 
f 1404 1406 888 
f 1406 1404 637 
f 1441 512 1250 
f 512 1785 669 
f 620 1092 494 
f 620 494 496 
f 540 507 1443 
f 540 1443 1442 
f 1264 491 728 
f 493 728 491 
f 1592 289 536 
f 1394 1592 536 
f 1037 1684 1295 
f 1033 1684 1037 
f 859 1118 1476 
f 1118 859 1502 
f 926 1530 927 
f 927 1530 1529 
f 660 697 1715 
f 660 1649 697 
f 1252 1253 1050 
f 1674 1253 1252 
f 1180 968 700 
f 966 968 1180 
f 940 559 1738 
f 1738 559 558 
f 151 1674 978 
f 1674 151 152 
f 978 555 554 
f 648 801 649 
f 801 648 586 
f 533 532 1465 
f 1465 532 913 
f 946 1529 1590 
f 946 1213 1529 
f 1514 887 1515 
f 887 1514 1512 
f 1579 293 1089 
f 10 1089 293 
f 933 1639 1027 
f 1027 1639 1355 
f 1031 1456 1594 
f 1594 1060 1370 
f 828 1658 732 
f 1178 732 1658 
f 823 558 585 
f 585 824 823 
f 630 1523 581 
f 874 581 875 
f 1393 1611 973 
f 972 973 1392 
f 253 1794 706 
f 1577 706 1794 
f 808 1258 1734 
f 1734 1258 1259 
f 1170 1772 841 
f 1772 1170 1081 
f 1026 666 1631 
f 269 666 1026 
f 867 515 722 
f 867 516 515 
f 490 487 1723 
f 487 477 1723 
f 477 476 1723 
f 1463 1723 476 
f 463 1463 472 
f 464 1463 463 
f 1463 476 472 
f 209 260 211 
f 211 260 262 
f 1795 1391 1388 
f 1518 1391 1795 
f 912 1519 739 
f 912 920 1519 
f 1161 947 1446 
f 1161 1549 947 
f 275 273 1660 
f 275 1743 274 
f 1307 1573 1308 
f 1573 1307 1574 
f 1111 1652 1341 
f 1652 1111 720 
f 1703 817 1539 
f 1731 1703 1142 
f 1664 1665 900 
f 899 900 1665 
f 1698 935 1382 
f 935 1698 1354 
f 1645 511 837 
f 511 1645 1644 
f 1140 1324 682 
f 1057 682 1324 
f 1635 876 765 
f 875 765 876 
f 14 1183 623 
f 1184 623 1183 
f 905 1725 1793 
f 1202 905 1793 
f 1313 744 743 
f 1632 744 1313 
f 587 1355 1354 
f 1354 1355 1639 
f 1676 1677 1408 
f 1677 1407 1408 
f 1452 1415 1451 
f 1074 1415 1452 
f 1662 1497 1345 
f 1346 1345 1497 
f 1551 1478 1117 
f 1117 1478 1118 
f 1588 1586 1746 
f 1494 1746 1586 
f 1660 197 1661 
f 197 1660 273 
f 1610 7 971 
f 971 7 6 
f 251 1062 1457 
f 1457 1062 1640 
f 1489 1491 733 
f 1491 1489 1177 
f 1539 1538 965 
f 965 1538 1181 
f 1005 659 1597 
f 1597 659 1475 
f 1663 1020 690 
f 1020 1663 1021 
f 243 1210 1567 
f 243 1046 1210 
f 243 1724 1130 
f 1045 1130 1724 
f 675 1122 700 
f 968 675 700 
f 725 1289 1288 
f 1288 1289 1025 
f 935 206 205 
f 12 205 204 
f 1513 777 1712 
f 1712 777 776 
f 261 902 1763 
f 1372 1763 902 
f 1090 1091 951 
f 951 1091 1384 
f 1601 304 312 
f 1601 314 304 
f 314 1601 1600 
f 661 1365 194 
f 1755 194 1365 
f 1411 503 1219 
f 1219 503 505 
f 930 800 928 
f 800 930 824 
f 698 1216 699 
f 1651 1216 698 
f 1265 1007 1266 
f 832 1007 1265 
f 1072 1074 1071 
f 1452 1071 1074 
f 1158 1316 1101 
f 1101 1316 1162 
f 689 618 617 
f 1647 618 689 
f 633 1000 1195 
f 1195 1000 1749 
f 952 1147 1646 
f 1224 1147 952 
f 977 1240 1732 
f 1732 1240 811 
f 1697 1232 562 
f 562 587 1697 
f 1749 885 1195 
f 885 1749 886 
f 89 14 85 
f 16 85 14 
f 16 13 918 
f 956 1387 1327 
f 1387 956 1386 
f 1613 1373 1015 
f 1015 1373 283 
f 694 1751 1616 
f 1616 1371 694 
f 972 1690 584 
f 614 584 1690 
f 575 652 576 
f 652 575 778 
f 552 1709 1485 
f 1485 1709 1199 
f 576 651 279 
f 279 577 576 
f 998 1767 1777 
f 778 1767 998 
f 1526 220 1527 
f 1526 1527 663 
f 931 1077 786 
f 508 786 1077 
f 764 1398 765 
f 1717 1398 764 
f 156 1309 1412 
f 134 1309 156 
f 134 133 1309 
f 1412 1309 939 
f 912 741 1304 
f 1304 741 740 
f 1169 939 938 
f 939 1169 1412 
f 687 1621 1620 
f 1620 1507 687 
f 1138 535 1136 
f 1136 535 1490 
f 1522 630 289 
f 289 1592 1522 
f 1494 1587 525 
f 1586 1587 1494 
f 213 1754 545 
f 211 545 1754 
f 1153 1624 1151 
f 1154 1624 1153 
f 1657 603 1656 
f 604 603 1657 
f 1055 1344 1056 
f 1662 1344 1055 
f 1572 582 653 
f 582 1572 988 
f 892 1678 895 
f 893 895 1678 
f 1018 3 199 
f 3 1018 4 
f 637 639 776 
f 657 776 639 
f 914 1489 733 
f 913 914 733 
f 685 1774 1049 
f 1774 617 1049 
f 1035 1786 736 
f 1293 1786 1035 
f 1378 1088 586 
f 10 1088 1378 
f 1129 1692 1333 
f 1332 1692 1129 
f 1793 1700 1202 
f 498 1202 1700 
f 1707 1006 834 
f 832 834 1006 
f 917 1775 1593 
f 819 917 1593 
f 1008 1707 897 
f 897 1707 1666 
f 1571 70 61 
f 62 1571 61 
f 51 1337 52 
f 1571 62 1337 
f 62 52 1337 
f 158 146 962 
f 145 962 146 
f 120 671 141 
f 141 671 145 
f 962 145 671 
f 1356 1358 1440 
f 865 1440 1358 
f 760 239 1701 
f 1701 754 760 
f 37 49 1332 
f 37 1332 36 
f 1661 830 573 
f 830 1661 197 
f 1757 1410 1411 
f 1409 1410 1757 
f 1720 1516 1174 
f 1516 1720 1173 
f 227 1165 1425 
f 1425 1165 824 
f 1021 1687 1362 
f 1362 1019 1021 
f 884 758 1741 
f 1742 1741 758 
f 736 1604 1035 
f 1605 1604 736 
f 716 1788 1032 
f 716 1032 852 
f 817 1537 1322 
f 1141 1322 1537 
f 1171 1413 1168 
f 190 1171 191 
f 190 1413 1171 
f 653 1188 1185 
f 582 1188 653 
f 1416 851 1451 
f 1451 851 850 
f 892 1437 656 
f 656 1437 619 
f 1215 1703 1731 
f 1215 1731 1435 
f 528 1400 1445 
f 677 1445 1400 
f 665 770 981 
f 665 981 1680 
f 1699 1788 1271 
f 1271 1788 716 
f 247 478 485 
f 247 479 478 
f 1083 1087 1086 
f 627 1083 1086 
f 1769 1768 763 
f 686 1769 763 
f 1157 1556 1488 
f 1556 1157 1765 
f 237 1233 238 
f 238 1233 285 
f 1024 1631 1681 
f 665 1681 1631 
f 889 1515 1460 
f 1516 1515 889 
f 1436 661 1248 
f 662 661 1436 
f 1599 881 1339 
f 881 836 1339 
f 41 46 1434 
f 1434 46 1123 
f 1433 1434 1123 
f 1609 1728 1047 
f 1727 1047 1728 
f 1666 684 897 
f 684 1666 1667 
f 754 753 1247 
f 1247 753 1760 
f 1351 872 663 
f 1747 872 1351 
f 809 808 600 
f 1734 600 808 
f 898 1761 611 
f 1761 898 683 
f 1628 1348 1682 
f 1348 1377 1682 
f 813 812 1045 
f 813 1045 1566 
f 1625 1319 1151 
f 1319 1625 1626 
f 1334 701 1123 
f 702 701 1334 
f 1067 1063 768 
f 1065 768 1063 
f 883 1781 1741 
f 884 1781 883 
f 1513 1198 1512 
f 1512 1198 1195 
f 1260 1257 1541 
f 1259 1257 1260 
f 1126 1468 1127 
f 1613 1127 1468 
f 1181 964 965 
f 1182 964 1181 
f 1314 827 1315 
f 1158 1314 1315 
f 1089 207 1579 
f 1579 207 936 
f 948 1743 275 
f 948 1713 1743 
f 1326 1328 1646 
f 1646 1328 952 
f 1296 1648 1710 
f 1711 1710 1648 
f 633 1197 1540 
f 730 1540 1197 
f 1061 1735 871 
f 593 1735 1061 
f 1552 711 567 
f 1054 711 1552 
f 1208 1779 19 
f 19 1779 1209 
f 1310 1633 830 
f 1310 1311 1633 
f 1488 1155 985 
f 1155 1488 1556 
f 1504 726 725 
f 579 726 1504 
f 1340 1654 1109 
f 1109 1654 1653 
f 912 1305 919 
f 919 1305 1557 
f 1430 1498 1346 
f 1498 1430 1427 
f 192 664 873 
f 17 664 192 
f 255 253 706 
f 255 704 254 
f 1427 1145 1255 
f 1255 1145 994 
f 1395 40 1432 
f 40 1395 44 
f 1739 1432 40 
f 830 1708 1312 
f 1312 1708 1313 
f 862 1160 1473 
f 1162 1473 1160 
f 984 1570 1773 
f 984 1773 499 
f 949 628 1016 
f 280 1016 628 
f 746 1267 692 
f 692 1267 1266 
f 1104 1501 1500 
f 1447 1500 1501 
f 749 496 1672 
f 496 749 620 
f 1531 1683 1528 
f 1528 1683 1591 
f 1099 240 760 
f 1098 240 1099 
f 1681 1442 1024 
f 1443 1024 1442 
f 878 592 1518 
f 591 1518 592 
f 1564 1782 558 
f 558 1782 774 
f 1653 522 1109 
f 522 1653 992 
f 589 1536 590 
f 520 590 1536 
f 314 1600 313 
f 1600 315 313 
f 315 1600 1164 
f 604 977 1569 
f 1732 1569 977 
f 1230 1231 840 
f 840 1231 1200 
f 1411 1220 779 
f 652 779 1220 
f 1069 1575 1479 
f 1479 1575 508 
f 1168 748 1079 
f 747 1079 748 
f 1293 1789 1294 
f 1294 1789 578 
f 1729 1353 583 
f 1729 848 1353 
f 1115 1546 1574 
f 1114 1546 1115 
f 1213 945 196 
f 196 927 1213 
f 1333 510 1129 
f 509 510 1333 
f 945 1471 196 
f 1673 1471 945 
f 728 1706 1264 
f 1264 1706 1023 
f 1615 673 675 
f 1439 673 1615 
f 674 1108 865 
f 865 1108 1440 
f 643 1578 1580 
f 1578 643 291 
f 1446 1448 1162 
f 1162 1448 1101 
f 1457 1641 1492 
f 498 1492 1641 
f 1347 1623 955 
f 955 1623 495 
f 1369 1718 1595 
f 1595 1594 1369 
f 234 236 1367 
f 598 1367 236 
f 646 364 371 
f 1619 364 646 
f 1619 646 547 
f 538 1306 539 
f 1557 1306 538 
f 632 1744 1777 
f 1423 1744 632 
f 79 78 1574 
f 79 1574 90 
f 78 1115 1574 
f 1115 78 77 
f 1343 1347 1629 
f 955 1629 1347 
f 1359 1704 1459 
f 1704 1359 781 
f 646 371 370 
f 682 1667 1140 
f 1140 1667 833 
f 933 979 934 
f 979 554 934 
f 1361 1019 1362 
f 1019 1361 1592 
f 1675 1107 1106 
f 1765 1107 1675 
f 1519 920 1605 
f 1221 1605 920 
f 1458 1596 251 
f 1458 1031 1596 
f 177 1029 178 
f 1163 762 1622 
f 1622 762 1663 
f 1480 615 6 
f 6 1069 1480 
f 922 1565 923 
f 923 1565 1212 
f 627 862 625 
f 625 862 825 
f 1728 685 1727 
f 1049 1727 685 
f 1010 1525 1360 
f 783 1525 1010 
f 615 614 969 
f 6 615 969 
f 722 1112 1341 
f 721 1112 722 
f 280 1477 281 
f 680 281 1477 
f 1029 164 1414 
f 1414 164 166 
f 164 1029 177 
f 979 1029 1414 
f 598 1771 1368 
f 1368 1771 236 
f 12 1381 773 
f 1378 1381 12 
f 599 1581 750 
f 656 1581 599 
f 815 982 816 
f 816 982 606 
f 1481 1182 702 
f 964 1182 1481 
f 1341 1340 1342 
f 1654 1340 1341 
f 1085 1087 1082 
f 1082 1087 1083 
f 928 1685 290 
f 802 1685 928 
f 955 1722 1386 
f 1093 1386 1722 
f 1336 1467 1103 
f 1335 1103 1467 
f 1313 1634 1632 
f 1265 1632 1634 
f 993 1237 1236 
f 1237 993 974 
f 941 1619 943 
f 941 943 559 
f 1325 845 1323 
f 1325 843 845 
f 508 1078 506 
f 506 1078 1262 
f 1206 676 1116 
f 677 676 1206 
f 641 413 427 
f 641 414 413 
f 775 339 355 
f 775 355 377 
f 775 377 397 
f 775 340 339 
f 318 775 774 
f 320 775 318 
f 320 340 775 
f 1134 1764 1135 
f 1242 1764 1134 
f 1105 742 745 
f 742 1105 743 
f 1409 1521 911 
f 911 910 1409 
f 1649 662 1650 
f 662 1649 660 
f 790 792 1224 
f 1224 792 1147 
f 1356 1438 1357 
f 1356 1614 1438 
f 875 581 1523 
f 875 1523 766 
f 1676 516 867 
f 1676 1408 516 
f 642 1696 1382 
f 1401 1696 642 
f 1385 1770 797 
f 797 1770 276 
f 1207 1748 959 
f 1395 959 1748 
f 1336 1152 1317 
f 1317 1152 1151 
f 989 1783 1073 
f 1073 1783 1419 
f 1244 723 594 
f 721 723 1244 
f 1721 788 264 
f 264 1780 1721 
f 1017 1149 843 
f 844 843 1149 
f 1547 812 814 
f 1548 812 1547 
f 1388 1096 1795 
f 1094 1096 1388 
f 280 629 1476 
f 1476 629 859 
f 715 361 360 
f 715 381 361 
f 1583 1584 750 
f 621 1584 1583 
f 1326 1630 954 
f 1778 1630 1326 
f 965 1142 1539 
f 1539 1142 1703 
f 825 1449 1450 
f 862 1449 825 
